8.12739 3.66756 4.5171 2.96315 3.41725 6.37168 1.37547 0.491943 0.913526 0.927764 0.459348 0 0 0 0 0 0 0 0 0 0 0 0 0 0 0 0 0 0 0 0 0 0 0 0 0 0 0 0 0 0 0 0 0 0 0 0 0 0 0 0 0 0 0 0 0 0 0 0 0 0 0 0 0 0 0 0 0 0 0 0 0 0 0 0 18.0374
3.66756 13.0432 4.80359 6.78923 4.62127 4.02633 8.50403 1.10399 1.14036 0.832343 0.754478 0.371084 0 0 0 0 0 0 0 0 0 0 0 0 0 0 0 0 0 0 0 0 0 0 0 0 0 0 0 0 0 0 0 0 0 0 0 0 0 0 0 0 0 0 0 0 0 0 0 0 0 0 0 0 0 0 0 0 0 0 0 0 0 0 0 25.3289
4.5171 4.80359 16.3998 8.70758 2.80636 7.44101 7.66315 4.05675 1.52321 1.03167 0.816886 0.278446 0.534528 0 0 0 0 0 0 0 0 0 0 0 0 0 0 0 0 0 0 0 0 0 0 0 0 0 0 0 0 0 0 0 0 0 0 0 0 0 0 0 0 0 0 0 0 0 0 0 0 0 0 0 0 0 0 0 0 0 0 0 0 0 0 28.108
2.96315 6.78923 8.70758 23.7854 1.92524 6.61481 9.16747 5.77896 3.55854 0.972986 1.15529 0.449796 0.309006 0.04158 0 0 0 0 0 0 0 0 0 0 0 0 0 0 0 0 0 0 0 0 0 0 0 0 0 0 0 0 0 0 0 0 0 0 0 0 0 0 0 0 0 0 0 0 0 0 0 0 0 0 0 0 0 0 0 0 0 0 0 0 0 40.9853
3.41725 4.62127 2.80636 1.92524 11.9339 3.69627 3.76114 1.80892 3.11268 6.12341 0.684423 0.326196 0.583856 0.200949 0.442428 0 0 0 0 0 0 0 0 0 0 0 0 0 0 0 0 0 0 0 0 0 0 0 0 0 0 0 0 0 0 0 0 0 0 0 0 0 0 0 0 0 0 0 0 0 0 0 0 0 0 0 0 0 0 0 0 0 0 0 0 23.9428
6.37168 4.02633 7.44101 6.61481 3.69627 41.5139 10.3205 1.18427 6.15354 6.84164 9.28921 0.556294 0.476852 0.76158 0.556256 0.056166 0 0 0 0 0 0 0 0 0 0 0 0 0 0 0 0 0 0 0 0 0 0 0 0 0 0 0 0 0 0 0 0 0 0 0 0 0 0 0 0 0 0 0 0 0 0 0 0 0 0 0 0 0 0 0 0 0 0 0 39.4306
1.37547 8.50403 7.66315 9.16747 3.76114 10.3205 37.9678 6.76946 4.67447 7.84512 9.71104 4.38281 1.52816 0.963371 1.02384 0.265408 0.158478 0 0 0 0 0 0 0 0 0 0 0 0 0 0 0 0 0 0 0 0 0 0 0 0 0 0 0 0 0 0 0 0 0 0 0 0 0 0 0 0 0 0 0 0 0 0 0 0 0 0 0 0 0 0 0 0 0 0 50.9329
0.491943 1.10399 4.05675 5.77896 1.80892 1.18427 6.76946 22.2557 4.37197 8.15839 4.99619 1.44338 10.3357 1.36657 1.1099 0.658131 0.321038 0.320881 0 0 0 0 0 0 0 0 0 0 0 0 0 0 0 0 0 0 0 0 0 0 0 0 0 0 0 0 0 0 0 0 0 0 0 0 0 0 0 0 0 0 0 0 0 0 0 0 0 0 0 0 0 0 0 0 0 42.1321
0.913526 1.14036 1.52321 3.55854 3.11268 6.15354 4.67447 4.37197 12.3383 6.44084 5.62811 1.31621 2.45737 6.49864 0.945536 0.127639 0.609216 0.168849 0.667926 0 0 0 0 0 0 0 0 0 0 0 0 0 0 0 0 0 0 0 0 0 0 0 0 0 0 0 0 0 0 0 0 0 0 0 0 0 0 0 0 0 0 0 0 0 0 0 0 0 0 0 0 0 0 0 0 32.1113
0.927764 0.832343 1.03167 0.972986 6.12341 6.84164 7.84512 8.15839 6.44084 36.0475 7.03699 5.04424 6.03847 5.31972 7.56156 0.709012 1.14205 0.300721 0.918599 0.03982 0 0 0 0 0 0 0 0 0 0 0 0 0 0 0 0 0 0 0 0 0 0 0 0 0 0 0 0 0 0 0 0 0 0 0 0 0 0 0 0 0 0 0 0 0 0 0 0 0 0 0 0 0 0 0 47.888
0.459348 0.754478 0.816886 1.15529 0.684423 9.28921 9.71104 4.99619 5.62811 7.03699 33.1075 2.95241 7.72127 10.7767 5.128 1.67607 1.33284 0.578755 1.18274 0.155217 0.013685 0 0 0 0 0 0 0 0 0 0 0 0 0 0 0 0 0 0 0 0 0 0 0 0 0 0 0 0 0 0 0 0 0 0 0 0 0 0 0 0 0 0 0 0 0 0 0 0 0 0 0 0 0 0 45.5106
0 0.371084 0.278446 0.449796 0.326196 0.556294 4.38281 1.44338 1.31621 5.04424 2.95241 12.2792 6.88964 5.81664 5.49276 3.31342 4.43072 0.562116 1.25983 0.359581 0.090657 0.226529 0 0 0 0 0 0 0 0 0 0 0 0 0 0 0 0 0 0 0 0 0 0 0 0 0 0 0 0 0 0 0 0 0 0 0 0 0 0 0 0 0 0 0 0 0 0 0 0 0 0 0 0 0 24.7544
0 0 0.534528 0.309006 0.583856 0.476852 1.52816 10.3357 2.45737 6.03847 7.72127 6.88964 36.6358 5.77175 3.89204 5.92669 3.46349 3.85839 0.797943 0.595517 0.150864 0.120838 0.13534 0 0 0 0 0 0 0 0 0 0 0 0 0 0 0 0 0 0 0 0 0 0 0 0 0 0 0 0 0 0 0 0 0 0 0 0 0 0 0 0 0 0 0 0 0 0 0 0 0 0 0 0 41.3828
0 0 0 0.04158 0.200949 0.76158 0.963371 1.36657 6.49864 5.31972 10.7767 5.81664 5.77175 36.7151 5.5894 2.55629 7.3387 1.60362 6.02857 0.26321 0.150581 0.304655 0.102244 0.06636 0 0 0 0 0 0 0 0 0 0 0 0 0 0 0 0 0 0 0 0 0 0 0 0 0 0 0 0 0 0 0 0 0 0 0 0 0 0 0 0 0 0 0 0 0 0 0 0 0 0 0 57.2776
0 0 0 0 0.442428 0.556256 1.02384 1.1099 0.945536 7.56156 5.128 5.49276 3.89204 5.5894 26.2264 2.63042 4.179 2.87319 6.32498 7.62735 0.982424 0.768747 0.810258 0.603393 0.182 0 0 0 0 0 0 0 0 0 0 0 0 0 0 0 0 0 0 0 0 0 0 0 0 0 0 0 0 0 0 0 0 0 0 0 0 0 0 0 0 0 0 0 0 0 0 0 0 0 0 31.9225
0 0 0 0 0 0.056166 0.265408 0.658131 0.127639 0.709012 1.67607 3.31342 5.92669 2.55629 2.63042 13.5588 3.60425 7.37186 5.79949 9.82041 4.23194 1.5133 1.41527 1.38616 0.578685 0.491499 0 0 0 0 0 0 0 0 0 0 0 0 0 0 0 0 0 0 0 0 0 0 0 0 0 0 0 0 0 0 0 0 0 0 0 0 0 0 0 0 0 0 0 0 0 0 0 0 0 36.0807
0 0 0 0 0 0 0.158478 0.321038 0.609216 1.14205 1.33284 4.43072 3.46349 7.3387 4.179 3.60425 11.9376 1.3687 5.51108 3.16788 1.11679 2.91968 1.01542 0.663407 0.035266 -0.024604 0.135422 0 0 0 0 0 0 0 0 0 0 0 0 0 0 0 0 0 0 0 0 0 0 0 0 0 0 0 0 0 0 0 0 0 0 0 0 0 0 0 0 0 0 0 0 0 0 0 0 27.7868
0 0 0 0 0 0 0 0.320881 0.168849 0.300721 0.578755 0.562116 3.85839 1.60362 2.87319 7.37186 1.3687 21.7867 8.55538 7.95644 3.97624 2.5738 8.59171 1.30473 0.596952 1.07974 0.913624 0.559048 0 0 0 0 0 0 0 0 0 0 0 0 0 0 0 0 0 0 0 0 0 0 0 0 0 0 0 0 0 0 0 0 0 0 0 0 0 0 0 0 0 0 0 0 0 0 0 36.9124
0 0 0 0 0 0 0 0 0.667926 0.918599 1.18274 1.25983 0.797943 6.02857 6.32498 5.79949 5.51108 8.55538 33.6012 8.36514 5.70346 8.99275 10.3831 7.40495 0.688315 0.584662 1.60254 0.73746 0.368793 0 0 0 0 0 0 0 0 0 0 0 0 0 0 0 0 0 0 0 0 0 0 0 0 0 0 0 0 0 0 0 0 0 0 0 0 0 0 0 0 0 0 0 0 0 0 60.8541
0 0 0 0 0 0 0 0 0 0.03982 0.155217 0.359581 0.595517 0.26321 7.62735 9.82041 3.16788 7.95644 8.36514 55.7115 9.01483 6.66598 7.35476 6.5821 2.92263 0.710003 0.669438 0.51934 0.279657 -0.010912 0 0 0 0 0 0 0 0 0 0 0 0 0 0 0 0 0 0 0 0 0 0 0 0 0 0 0 0 0 0 0 0 0 0 0 0 0 0 0 0 0 0 0 0 0 71.7461
0 0 0 0 0 0 0 0 0 0 0.013685 0.090657 0.150864 0.150581 0.982424 4.23194 1.11679 3.97624 5.70346 9.01483 22.3004 5.14509 4.19223 6.63842 6.43315 4.90696 1.02534 0.781428 0.544566 0.030808 0.08178 0 0 0 0 0 0 0 0 0 0 0 0 0 0 0 0 0 0 0 0 0 0 0 0 0 0 0 0 0 0 0 0 0 0 0 0 0 0 0 0 0 0 0 0 31.8156
0 0 0 0 0 0 0 0 0 0 0 0.226529 0.120838 0.304655 0.768747 1.5133 2.91968 2.5738 8.99275 6.66598 5.14509 19.9611 7.87274 4.28304 0.442314 1.78198 4.70429 0.692776 0.270893 0.311684 0.22642 0.0464 0 0 0 0 0 0 0 0 0 0 0 0 0 0 0 0 0 0 0 0 0 0 0 0 0 0 0 0 0 0 0 0 0 0 0 0 0 0 0 0 0 0 0 24.9287
0 0 0 0 0 0 0 0 0 0 0 0 0.13534 0.102244 0.810258 1.41527 1.01542 8.59171 10.3831 7.35476 4.19223 7.87274 40.8947 4.08412 2.04392 5.95572 6.6985 3.89629 0.284406 0.205879 0.167816 0.01913 -0.003535 0 0 0 0 0 0 0 0 0 0 0 0 0 0 0 0 0 0 0 0 0 0 0 0 0 0 0 0 0 0 0 0 0 0 0 0 0 0 0 0 0 0 30.077
0 0 0 0 0 0 0 0 0 0 0 0 0 0.06636 0.603393 1.38616 0.663407 1.30473 7.40495 6.5821 6.63842 4.28304 4.08412 20.9543 6.09627 5.0958 9.35037 5.96247 4.04243 1.17843 0.85478 0.419968 0.174792 0.12177 0 0 0 0 0 0 0 0 0 0 0 0 0 0 0 0 0 0 0 0 0 0 0 0 0 0 0 0 0 0 0 0 0 0 0 0 0 0 0 0 0 33.4724
0 0 0 0 0 0 0 0 0 0 0 0 0 0 0.182 0.578685 0.035266 0.596952 0.688315 2.92263 6.43315 0.442314 2.04392 6.09627 17.3523 5.04682 3.60524 4.69755 3.45722 4.43873 0.696038 0.718666 0.456913 0.134713 0.399375 0 0 0 0 0 0 0 0 0 0 0 0 0 0 0 0 0 0 0 0 0 0 0 0 0 0 0 0 0 0 0 0 0 0 0 0 0 0 0 0 27.9765
0 0 0 0 0 0 0 0 0 0 0 0 0 0 0 0.491499 -0.024604 1.07974 0.584662 0.710003 4.90696 1.78198 5.95572 5.0958 5.04682 22.4937 6.84903 5.91603 4.43512 9.33278 9.43959 1.66501 1.21995 0.839687 1.24655 0.366744 0 0 0 0 0 0 0 0 0 0 0 0 0 0 0 0 0 0 0 0 0 0 0 0 0 0 0 0 0 0 0 0 0 0 0 0 0 0 0 41.085
0 0 0 0 0 0 0 0 0 0 0 0 0 0 0 0 0.135422 0.913624 1.60254 0.669438 1.02534 4.70429 6.6985 9.35037 3.60524 6.84903 30.7613 7.96044 6.30032 6.72983 2.03366 5.94532 0.815408 0.618842 0.88524 0.451902 0.252966 0 0 0 0 0 0 0 0 0 0 0 0 0 0 0 0 0 0 0 0 0 0 0 0 0 0 0 0 0 0 0 0 0 0 0 0 0 0 30.8271
0 0 0 0 0 0 0 0 0 0 0 0 0 0 0 0 0 0.559048 0.73746 0.51934 0.781428 0.692776 3.89629 5.96247 4.69755 5.91603 7.96044 15.7622 3.549 4.22296 6.31305 3.9807 4.63606 1.35613 1.53265 0.610934 0.184918 0.15496 0 0 0 0 0 0 0 0 0 0 0 0 0 0 0 0 0 0 0 0 0 0 0 0 0 0 0 0 0 0 0 0 0 0 0 0 0 28.8827
0 0 0 0 0 0 0 0 0 0 0 0 0 0 0 0 0 0 0.368793 0.279657 0.544566 0.270893 0.284406 4.04243 3.45722 4.43512 6.30032 3.549 16.9242 9.21074 4.94246 5.26591 6.63841 3.02008 1.90793 0.570856 0.197669 0.193056 0.007395 0 0 0 0 0 0 0 0 0 0 0 0 0 0 0 0 0 0 0 0 0 0 0 0 0 0 0 0 0 0 0 0 0 0 0 0 37.7875
0 0 0 0 0 0 0 0 0 0 0 0 0 0 0 0 0 0 0 -0.010912 0.030808 0.311684 0.205879 1.17843 4.43873 9.33278 6.72983 4.22296 9.21074 43.3627 4.6542 11.9031 7.74278 3.17127 8.20551 1.14043 0.452937 0.219955 0.34653 0.36542 0 0 0 0 0 0 0 0 0 0 0 0 0 0 0 0 0 0 0 0 0 0 0 0 0 0 0 0 0 0 0 0 0 0 0 63.1839
0 0 0 0 0 0 0 0 0 0 0 0 0 0 0 0 0 0 0 0 0.08178 0.22642 0.167816 0.85478 0.696038 9.43959 2.03366 6.31305 4.94246 4.6542 43.503 8.36967 8.48322 7.59022 7.88569 4.2059 0.305285 0.283069 0.304965 0.19208 0.034776 0 0 0 0 0 0 0 0 0 0 0 0 0 0 0 0 0 0 0 0 0 0 0 0 0 0 0 0 0 0 0 0 0 0 70.4005
0 0 0 0 0 0 0 0 0 0 0 0 0 0 0 0 0 0 0 0 0 0.0464 0.01913 0.419968 0.718666 1.66501 5.94532 3.9807 5.26591 11.9031 8.36967 31.9718 6.28626 3.39245 10.1119 5.26634 2.01594 0.367946 0.634126 0.723008 0.095753 -0.003961 0 0 0 0 0 0 0 0 0 0 0 0 0 0 0 0 0 0 0 0 0 0 0 0 0 0 0 0 0 0 0 0 0 55.2101
0 0 0 0 0 0 0 0 0 0 0 0 0 0 0 0 0 0 0 0 0 0 -0.003535 0.174792 0.456913 1.21995 0.815408 4.63606 6.63841 7.74278 8.48322 6.28626 33.6401 8.66154 7.96152 3.67076 1.35172 3.03817 0.967752 0.492186 0.300927 0.042663 0.130761 0 0 0 0 0 0 0 0 0 0 0 0 0 0 0 0 0 0 0 0 0 0 0 0 0 0 0 0 0 0 0 0 65.5996
0 0 0 0 0 0 0 0 0 0 0 0 0 0 0 0 0 0 0 0 0 0 0 0.12177 0.134713 0.839687 0.618842 1.35613 3.02008 3.17127 7.59022 3.39245 8.66154 15.517 6.55836 4.90227 3.26529 3.02228 3.0871 1.00478 0.953485 0.290596 0.227046 0.029356 0 0 0 0 0 0 0 0 0 0 0 0 0 0 0 0 0 0 0 0 0 0 0 0 0 0 0 0 0 0 0 45.4384
0 0 0 0 0 0 0 0 0 0 0 0 0 0 0 0 0 0 0 0 0 0 0 0 0.399375 1.24655 0.88524 1.53265 1.90793 8.20551 7.88569 10.1119 7.96152 6.55836 27.9252 6.9344 5.30523 3.61667 7.4078 8.65049 1.56712 1.24794 0.594384 0.330788 -0.00902 0 0 0 0 0 0 0 0 0 0 0 0 0 0 0 0 0 0 0 0 0 0 0 0 0 0 0 0 0 0 64.9412
0 0 0 0 0 0 0 0 0 0 0 0 0 0 0 0 0 0 0 0 0 0 0 0 0 0.366744 0.451902 0.610934 0.570856 1.14043 4.2059 5.26634 3.67076 4.90227 6.9344 27.7813 5.54398 3.92694 5.95775 6.39922 2.63044 0.393349 0.108126 0.084704 -0.003168 0 0 0 0 0 0 0 0 0 0 0 0 0 0 0 0 0 0 0 0 0 0 0 0 0 0 0 0 0 0 50.2981
0 0 0 0 0 0 0 0 0 0 0 0 0 0 0 0 0 0 0 0 0 0 0 0 0 0 0.252966 0.184918 0.197669 0.452937 0.305285 2.01594 1.35172 3.26529 5.30523 5.54398 17.69 5.09547 6.34103 8.03576 7.01569 3.50485 1.19009 0.860912 0.436629 0.12488 0.051376 0 0 0 0 0 0 0 0 0 0 0 0 0 0 0 0 0 0 0 0 0 0 0 0 0 0 0 0 25.6091
0 0 0 0 0 0 0 0 0 0 0 0 0 0 0 0 0 0 0 0 0 0 0 0 0 0 0 0.15496 0.193056 0.219955 0.283069 0.367946 3.03817 3.02228 3.61667 3.92694 5.09547 22.446 6.18537 5.64462 4.53764 3.21093 7.03546 0.7489 0.415439 0.822614 0.06846 0.141372 0 0 0 0 0 0 0 0 0 0 0 0 0 0 0 0 0 0 0 0 0 0 0 0 0 0 0 38.3748
0 0 0 0 0 0 0 0 0 0 0 0 0 0 0 0 0 0 0 0 0 0 0 0 0 0 0 0 0.007395 0.34653 0.304965 0.634126 0.967752 3.0871 7.4078 5.95775 6.34103 6.18537 26.1243 10.142 9.16716 8.94975 4.22444 4.76331 1.26844 0.924842 0.568443 0.393426 0.381426 0 0 0 0 0 0 0 0 0 0 0 0 0 0 0 0 0 0 0 0 0 0 0 0 0 0 30.4485
0 0 0 0 0 0 0 0 0 0 0 0 0 0 0 0 0 0 0 0 0 0 0 0 0 0 0 0 0 0.36542 0.19208 0.723008 0.492186 1.00478 8.65049 6.39922 8.03576 5.64462 10.142 33.0649 6.78336 7.57496 2.25711 3.8377 5.86162 0.702408 0.78838 0.307452 0.789286 0.372164 0 0 0 0 0 0 0 0 0 0 0 0 0 0 0 0 0 0 0 0 0 0 0 0 0 31.5046
0 0 0 0 0 0 0 0 0 0 0 0 0 0 0 0 0 0 0 0 0 0 0 0 0 0 0 0 0 0 0.034776 0.095753 0.300927 0.953485 1.56712 2.63044 7.01569 4.53764 9.16716 6.78336 33.0514 8.01173 9.28827 7.28359 9.51762 5.1969 1.11329 0.431746 1.05694 0.459913 0.42903 0 0 0 0 0 0 0 0 0 0 0 0 0 0 0 0 0 0 0 0 0 0 0 0 29.7728
0 0 0 0 0 0 0 0 0 0 0 0 0 0 0 0 0 0 0 0 0 0 0 0 0 0 0 0 0 0 0 -0.003961 0.042663 0.290596 1.24794 0.393349 3.50485 3.21093 8.94975 7.57496 8.01173 32.9392 9.63351 8.73218 7.07252 8.28604 3.42729 0.926053 1.351 0.348798 0.572511 0.102003 0 0 0 0 0 0 0 0 0 0 0 0 0 0 0 0 0 0 0 0 0 0 0 25.6779
0 0 0 0 0 0 0 0 0 0 0 0 0 0 0 0 0 0 0 0 0 0 0 0 0 0 0 0 0 0 0 0 0.130761 0.227046 0.594384 0.108126 1.19009 7.03546 4.22444 2.25711 9.28827 9.63351 25.4299 6.84998 2.55183 9.74121 1.39053 2.3546 1.09827 0.169276 0.807063 0.085158 0.111605 0 0 0 0 0 0 0 0 0 0 0 0 0 0 0 0 0 0 0 0 0 0 31.4005
0 0 0 0 0 0 0 0 0 0 0 0 0 0 0 0 0 0 0 0 0 0 0 0 0 0 0 0 0 0 0 0 0 0.029356 0.330788 0.084704 0.860912 0.7489 4.76331 3.8377 7.28359 8.73218 6.84998 37.4763 6.82503 10.3479 6.82658 9.91115 8.75886 0.592529 1.30438 0.423787 0.700791 0.315172 0 0 0 0 0 0 0 0 0 0 0 0 0 0 0 0 0 0 0 0 0 50.6917
0 0 0 0 0 0 0 0 0 0 0 0 0 0 0 0 0 0 0 0 0 0 0 0 0 0 0 0 0 0 0 0 0 0 -0.00902 -0.003168 0.436629 0.415439 1.26844 5.86162 9.51762 7.07252 2.55183 6.82503 35.9473 5.40509 5.01028 2.21631 7.62883 4.33709 0.42007 0.338963 0.473228 0.867226 0.182156 0 0 0 0 0 0 0 0 0 0 0 0 0 0 0 0 0 0 0 0 35.9536
0 0 0 0 0 0 0 0 0 0 0 0 0 0 0 0 0 0 0 0 0 0 0 0 0 0 0 0 0 0 0 0 0 0 0 0 0.12488 0.822614 0.924842 0.702408 5.1969 8.28604 9.74121 10.3479 5.40509 36.3616 6.15434 5.64944 7.14957 2.55739 5.36753 0.578277 0.765341 0.65282 0.121877 0.12852 0 0 0 0 0 0 0 0 0 0 0 0 0 0 0 0 0 0 0 37.4188
0 0 0 0 0 0 0 0 0 0 0 0 0 0 0 0 0 0 0 0 0 0 0 0 0 0 0 0 0 0 0 0 0 0 0 0 0.051376 0.06846 0.568443 0.78838 1.11329 3.42729 1.39053 6.82658 5.01028 6.15434 11.3427 2.34558 4.00813 1.69567 1.92394 4.75455 0.740932 0.412848 0.554438 0.275238 0.187806 0 0 0 0 0 0 0 0 0 0 0 0 0 0 0 0 0 0 22.8436
0 0 0 0 0 0 0 0 0 0 0 0 0 0 0 0 0 0 0 0 0 0 0 0 0 0 0 0 0 0 0 0 0 0 0 0 0 0.141372 0.393426 0.307452 0.431746 0.926053 2.3546 9.91115 2.21631 5.64944 2.34558 26.5629 6.57354 4.33533 7.03816 1.95638 4.54625 1.0951 0.554213 0.622075 0.20993 0.155854 0 0 0 0 0 0 0 0 0 0 0 0 0 0 0 0 0 36.5997
0 0 0 0 0 0 0 0 0 0 0 0 0 0 0 0 0 0 0 0 0 0 0 0 0 0 0 0 0 0 0 0 0 0 0 0 0 0 0.381426 0.789286 1.05694 1.351 1.09827 8.75886 7.62883 7.14957 4.00813 6.57354 21.6037 2.73899 3.92612 2.3261 7.82983 6.19146 0.892257 0.937284 0.571827 0.782168 0.151139 0 0 0 0 0 0 0 0 0 0 0 0 0 0 0 0 42.2362
0 0 0 0 0 0 0 0 0 0 0 0 0 0 0 0 0 0 0 0 0 0 0 0 0 0 0 0 0 0 0 0 0 0 0 0 0 0 0 0.372164 0.459913 0.348798 0.169276 0.592529 4.33709 2.55739 1.69567 4.33533 2.73899 16.7317 4.99112 4.23452 2.86406 6.14018 3.24342 1.4476 0.378233 0.661111 0.17008 0.014874 0 0 0 0 0 0 0 0 0 0 0 0 0 0 0 19.9977
0 0 0 0 0 0 0 0 0 0 0 0 0 0 0 0 0 0 0 0 0 0 0 0 0 0 0 0 0 0 0 0 0 0 0 0 0 0 0 0 0.42903 0.572511 0.807063 1.30438 0.42007 5.36753 1.92394 7.03816 3.92612 4.99112 19.2994 2.95608 7.33542 3.82299 2.96649 7.63679 1.00908 1.1452 0.551211 0.240162 -0.001644 0 0 0 0 0 0 0 0 0 0 0 0 0 0 25.6352
0 0 0 0 0 0 0 0 0 0 0 0 0 0 0 0 0 0 0 0 0 0 0 0 0 0 0 0 0 0 0 0 0 0 0 0 0 0 0 0 0 0.102003 0.085158 0.423787 0.338963 0.578277 4.75455 1.95638 2.3261 4.23452 2.95608 19.6724 3.3268 5.58335 4.13034 5.02367 2.20644 1.29993 0.783052 0.324006 0.175353 0.10296 0 0 0 0 0 0 0 0 0 0 0 0 0 26.368
0 0 0 0 0 0 0 0 0 0 0 0 0 0 0 0 0 0 0 0 0 0 0 0 0 0 0 0 0 0 0 0 0 0 0 0 0 0 0 0 0 0 0.111605 0.700791 0.473228 0.765341 0.740932 4.54625 7.82983 2.86406 7.33542 3.3268 31.6084 5.93193 7.1726 5.55644 4.59906 6.00975 0.582099 0.601978 0.3076 0.314615 0.319485 0 0 0 0 0 0 0 0 0 0 0 0 38.2644
0 0 0 0 0 0 0 0 0 0 0 0 0 0 0 0 0 0 0 0 0 0 0 0 0 0 0 0 0 0 0 0 0 0 0 0 0 0 0 0 0 0 0 0.315172 0.867226 0.65282 0.412848 1.0951 6.19146 6.14018 3.82299 5.58335 5.93193 27.8607 7.19521 8.70031 3.06971 9.28725 6.04275 1.26987 0.872298 0.880017 0.687919 0.495236 0 0 0 0 0 0 0 0 0 0 0 56.7861
0 0 0 0 0 0 0 0 0 0 0 0 0 0 0 0 0 0 0 0 0 0 0 0 0 0 0 0 0 0 0 0 0 0 0 0 0 0 0 0 0 0 0 0 0.182156 0.121877 0.554438 0.554213 0.892257 3.24342 2.96649 4.13034 7.1726 7.19521 19.3925 4.17438 2.51107 9.44515 2.65531 4.51934 1.21811 1.08766 1.33515 0.416573 0.411949 0 0 0 0 0 0 0 0 0 0 36.1885
0 0 0 0 0 0 0 0 0 0 0 0 0 0 0 0 0 0 0 0 0 0 0 0 0 0 0 0 0 0 0 0 0 0 0 0 0 0 0 0 0 0 0 0 0 0.12852 0.275238 0.622075 0.937284 1.4476 7.63679 5.02367 5.55644 8.70031 4.17438 32.4214 6.51064 5.18431 7.06041 6.73005 2.40239 0.749333 0.751672 0.639624 0.562804 0.207142 0 0 0 0 0 0 0 0 0 50.8633
0 0 0 0 0 0 0 0 0 0 0 0 0 0 0 0 0 0 0 0 0 0 0 0 0 0 0 0 0 0 0 0 0 0 0 0 0 0 0 0 0 0 0 0 0 0 0.187806 0.20993 0.571827 0.378233 1.00908 2.20644 4.59906 3.06971 2.51107 6.51064 18.7536 10.3218 5.23858 8.21665 7.35945 7.92068 1.96061 1.37327 0.589583 0.635938 0.43928 0 0 0 0 0 0 0 0 56.5141
0 0 0 0 0 0 0 0 0 0 0 0 0 0 0 0 0 0 0 0 0 0 0 0 0 0 0 0 0 0 0 0 0 0 0 0 0 0 0 0 0 0 0 0 0 0 0 0.155854 0.782168 0.661111 1.1452 1.29993 6.00975 9.28725 9.44515 5.18431 10.3218 48.2179 5.25754 13 10.9458 10.8345 8.00166 1.58006 1.00381 1.06281 0.43749 0.045619 0 0 0 0 0 0 0 92.5055
0 0 0 0 0 0 0 0 0 0 0 0 0 0 0 0 0 0 0 0 0 0 0 0 0 0 0 0 0 0 0 0 0 0 0 0 0 0 0 0 0 0 0 0 0 0 0 0 0.151139 0.17008 0.551211 0.783052 0.582099 6.04275 2.65531 7.06041 5.23858 5.25754 31.6971 6.39032 6.18912 6.46477 6.12351 5.74026 1.12567 1.14433 0.377161 0.346471 0.013509 0 0 0 0 0 0 68.7414
0 0 0 0 0 0 0 0 0 0 0 0 0 0 0 0 0 0 0 0 0 0 0 0 0 0 0 0 0 0 0 0 0 0 0 0 0 0 0 0 0 0 0 0 0 0 0 0 0 0.014874 0.240162 0.324006 0.601978 1.26987 4.51934 6.73005 8.21665 13 6.39032 44.9113 8.81398 6.58317 8.23326 4.70267 8.62939 1.24696 0.880012 0.457162 0.442242 0.14751 0 0 0 0 0 87.453
0 0 0 0 0 0 0 0 0 0 0 0 0 0 0 0 0 0 0 0 0 0 0 0 0 0 0 0 0 0 0 0 0 0 0 0 0 0 0 0 0 0 0 0 0 0 0 0 0 0 -0.001644 0.175353 0.3076 0.872298 1.21811 2.40239 7.35945 10.9458 6.18912 8.81398 35.1615 10.1821 6.40824 8.78875 2.46898 7.71795 1.24614 0.719415 0.501991 0.093956 0.33166 0 0 0 0 82.1183
0 0 0 0 0 0 0 0 0 0 0 0 0 0 0 0 0 0 0 0 0 0 0 0 0 0 0 0 0 0 0 0 0 0 0 0 0 0 0 0 0 0 0 0 0 0 0 0 0 0 0 0.10296 0.314615 0.880017 1.08766 0.749333 7.92068 10.8345 6.46477 6.58317 10.1821 37.1288 4.90476 6.94602 2.00718 6.65422 5.81632 0.819886 0.859189 0.164891 0.502789 0.21889 0 0 0 76.2208
0 0 0 0 0 0 0 0 0 0 0 0 0 0 0 0 0 0 0 0 0 0 0 0 0 0 0 0 0 0 0 0 0 0 0 0 0 0 0 0 0 0 0 0 0 0 0 0 0 0 0 0 0.319485 0.687919 1.33515 0.751672 1.96061 8.00166 6.12351 8.23326 6.40824 4.90476 23.1974 7.17711 10.7194 9.01031 2.73067 6.29827 1.97402 1.08377 0.775377 0.15816 0.58692 0 0 65.7718
0 0 0 0 0 0 0 0 0 0 0 0 0 0 0 0 0 0 0 0 0 0 0 0 0 0 0 0 0 0 0 0 0 0 0 0 0 0 0 0 0 0 0 0 0 0 0 0 0 0 0 0 0 0.495236 0.416573 0.639624 1.37327 1.58006 5.74026 4.70267 8.78875 6.94602 7.17711 30.4519 9.81804 6.17761 7.90004 10.634 5.00459 1.01461 0.805147 0.792393 0.955404 0.1131 0 62.256
0 0 0 0 0 0 0 0 0 0 0 0 0 0 0 0 0 0 0 0 0 0 0 0 0 0 0 0 0 0 0 0 0 0 0 0 0 0 0 0 0 0 0 0 0 0 0 0 0 0 0 0 0 0 0.411949 0.562804 0.589583 1.00381 1.12567 8.62939 2.46898 2.00718 10.7194 9.81804 38.6708 7.68027 6.66934 5.97471 11.3987 2.60571 0.771948 0.878108 1.06784 0.29596 0.012604 63.2018
0 0 0 0 0 0 0 0 0 0 0 0 0 0 0 0 0 0 0 0 0 0 0 0 0 0 0 0 0 0 0 0 0 0 0 0 0 0 0 0 0 0 0 0 0 0 0 0 0 0 0 0 0 0 0 0.207142 0.635938 1.06281 1.14433 1.24696 7.71795 6.65422 9.01031 6.17761 7.68027 34.6525 6.78893 3.11687 10.1505 3.26124 5.57696 0.948194 0.748506 0.665352 0.158352 65.1169
0 0 0 0 0 0 0 0 0 0 0 0 0 0 0 0 0 0 0 0 0 0 0 0 0 0 0 0 0 0 0 0 0 0 0 0 0 0 0 0 0 0 0 0 0 0 0 0 0 0 0 0 0 0 0 0 0.43928 0.43749 0.377161 0.880012 1.24614 5.81632 2.73067 7.90004 6.66934 6.78893 16.5466 6.36898 8.07666 1.45206 2.2572 6.45395 0.766031 0.852347 0.75619 37.0493
0 0 0 0 0 0 0 0 0 0 0 0 0 0 0 0 0 0 0 0 0 0 0 0 0 0 0 0 0 0 0 0 0 0 0 0 0 0 0 0 0 0 0 0 0 0 0 0 0 0 0 0 0 0 0 0 0 0.045619 0.346471 0.457162 0.719415 0.819886 6.29827 10.634 5.97471 3.11687 6.36898 33.3492 9.16705 5.40359 3.23975 6.21459 5.72544 1.19258 1.08518 47.8614
0 0 0 0 0 0 0 0 0 0 0 0 0 0 0 0 0 0 0 0 0 0 0 0 0 0 0 0 0 0 0 0 0 0 0 0 0 0 0 0 0 0 0 0 0 0 0 0 0 0 0 0 0 0 0 0 0 0 0.013509 0.442242 0.501991 0.859189 1.97402 5.00459 11.3987 10.1505 8.07666 9.16705 44.9856 3.54766 6.99292 9.66334 6.12617 7.49287 1.48496 56.0211
0 0 0 0 0 0 0 0 0 0 0 0 0 0 0 0 0 0 0 0 0 0 0 0 0 0 0 0 0 0 0 0 0 0 0 0 0 0 0 0 0 0 0 0 0 0 0 0 0 0 0 0 0 0 0 0 0 0 0 0.14751 0.093956 0.164891 1.08377 1.01461 2.60571 3.26124 1.45206 5.40359 3.54766 19.2695 2.06112 3.94676 2.40835 6.18655 3.40338 34.8746
0 0 0 0 0 0 0 0 0 0 0 0 0 0 0 0 0 0 0 0 0 0 0 0 0 0 0 0 0 0 0 0 0 0 0 0 0 0 0 0 0 0 0 0 0 0 0 0 0 0 0 0 0 0 0 0 0 0 0 0 0.33166 0.502789 0.775377 0.805147 0.771948 5.57696 2.2572 3.23975 6.99292 2.06112 18.9065 5.81905 4.37097 7.65171 2.38898 25.0308
0 0 0 0 0 0 0 0 0 0 0 0 0 0 0 0 0 0 0 0 0 0 0 0 0 0 0 0 0 0 0 0 0 0 0 0 0 0 0 0 0 0 0 0 0 0 0 0 0 0 0 0 0 0 0 0 0 0 0 0 0 0.21889 0.15816 0.792393 0.878108 0.948194 6.45395 6.21459 9.66334 3.94676 5.81905 22.1644 2.46443 8.03506 4.73604 37.4561
0 0 0 0 0 0 0 0 0 0 0 0 0 0 0 0 0 0 0 0 0 0 0 0 0 0 0 0 0 0 0 0 0 0 0 0 0 0 0 0 0 0 0 0 0 0 0 0 0 0 0 0 0 0 0 0 0 0 0 0 0 0 0.58692 0.955404 1.06784 0.748506 0.766031 5.72544 6.12617 2.40835 4.37097 2.46443 5.5174 5.80733 3.55358 20.1169
0 0 0 0 0 0 0 0 0 0 0 0 0 0 0 0 0 0 0 0 0 0 0 0 0 0 0 0 0 0 0 0 0 0 0 0 0 0 0 0 0 0 0 0 0 0 0 0 0 0 0 0 0 0 0 0 0 0 0 0 0 0 0 0.1131 0.29596 0.665352 0.852347 1.19258 7.49287 6.18655 7.65171 8.03506 5.80733 25.8324 5.72634 36.7486
0 0 0 0 0 0 0 0 0 0 0 0 0 0 0 0 0 0 0 0 0 0 0 0 0 0 0 0 0 0 0 0 0 0 0 0 0 0 0 0 0 0 0 0 0 0 0 0 0 0 0 0 0 0 0 0 0 0 0 0 0 0 0 0 0.012604 0.158352 0.75619 1.08518 1.48496 3.40338 2.38898 4.73604 3.55358 5.72634 6.89858 19.0665

23.878 5.86702 7.41899 4.47678 5.66868 11.2438 1.37547 0.491943 0.913526 0.927764 0.459348 0 0 0 0 0 0 0 0 0 0 0 0 0 0 0 0 0 0 0 0 0 0 0 0 0 0 0 0 0 0 0 0 0 0 0 0 0 0 0 0 0 0 0 0 0 0 0 0 0 0 0 0 0 0 0 0 0 0 0 0 0 0 0 0 38.1081
5.86702 36.8808 7.1041 11.3737 7.7339 6.25076 14.6004 1.10399 1.14036 0.832343 0.754478 0.371084 0 0 0 0 0 0 0 0 0 0 0 0 0 0 0 0 0 0 0 0 0 0 0 0 0 0 0 0 0 0 0 0 0 0 0 0 0 0 0 0 0 0 0 0 0 0 0 0 0 0 0 0 0 0 0 0 0 0 0 0 0 0 0 47.4874
7.41899 7.1041 48.0668 14.5464 4.12499 12.7706 12.4197 6.57563 1.52321 1.03167 0.816886 0.278446 0.534528 0 0 0 0 0 0 0 0 0 0 0 0 0 0 0 0 0 0 0 0 0 0 0 0 0 0 0 0 0 0 0 0 0 0 0 0 0 0 0 0 0 0 0 0 0 0 0 0 0 0 0 0 0 0 0 0 0 0 0 0 0 0 48.6376
4.47678 11.3737 14.5464 72.9308 2.5975 10.9223 15.3152 10.1766 5.4771 0.972986 1.15529 0.449796 0.309006 0.04158 0 0 0 0 0 0 0 0 0 0 0 0 0 0 0 0 0 0 0 0 0 0 0 0 0 0 0 0 0 0 0 0 0 0 0 0 0 0 0 0 0 0 0 0 0 0 0 0 0 0 0 0 0 0 0 0 0 0 0 0 0 94.2337
5.66868 7.7339 4.12499 2.5975 36.1975 6.05687 5.50014 2.67874 5.04244 10.5707 0.684423 0.326196 0.583856 0.200949 0.442428 0 0 0 0 0 0 0 0 0 0 0 0 0 0 0 0 0 0 0 0 0 0 0 0 0 0 0 0 0 0 0 0 0 0 0 0 0 0 0 0 0 0 0 0 0 0 0 0 0 0 0 0 0 0 0 0 0 0 0 0 49.2605
11.2438 6.25076 12.7706 10.9223 6.05687 132.256 17.3721 1.19638 10.2908 12.0556 16.2261 0.556294 0.476852 0.76158 0.556256 0.056166 0 0 0 0 0 0 0 0 0 0 0 0 0 0 0 0 0 0 0 0 0 0 0 0 0 0 0 0 0 0 0 0 0 0 0 0 0 0 0 0 0 0 0 0 0 0 0 0 0 0 0 0 0 0 0 0 0 0 0 75.3114
1.37547 14.6004 12.4197 15.3152 5.50014 17.3721 115.601 10.8702 6.76416 12.734 16.881 7.65138 1.52816 0.963371 1.02384 0.265408 0.158478 0 0 0 0 0 0 0 0 0 0 0 0 0 0 0 0 0 0 0 0 0 0 0 0 0 0 0 0 0 0 0 0 0 0 0 0 0 0 0 0 0 0 0 0 0 0 0 0 0 0 0 0 0 0 0 0 0 0 101.417
0.491943 1.10399 6.57563 10.1766 2.67874 1.19638 10.8702 67.0074 6.89485 14.0845 7.89525 1.55192 18.2099 1.36657 1.1099 0.658131 0.321038 0.320881 0 0 0 0 0 0 0 0 0 0 0 0 0 0 0 0 0 0 0 0 0 0 0 0 0 0 0 0 0 0 0 0 0 0 0 0 0 0 0 0 0 0 0 0 0 0 0 0 0 0 0 0 0 0 0 0 0 94.0682
0.913526 1.14036 1.52321 5.4771 5.04244 10.2908 6.76416 6.89485 34.7938 10.1474 8.8118 1.74839 3.67714 11.3976 0.945536 0.127639 0.609216 0.168849 0.667926 0 0 0 0 0 0 0 0 0 0 0 0 0 0 0 0 0 0 0 0 0 0 0 0 0 0 0 0 0 0 0 0 0 0 0 0 0 0 0 0 0 0 0 0 0 0 0 0 0 0 0 0 0 0 0 0 57.8342
0.927764 0.832343 1.03167 0.972986 10.5707 12.0556 12.734 14.0845 10.1474 111.838 11.3094 8.13127 9.82906 8.65895 13.3085 0.709012 1.14205 0.300721 0.918599 0.03982 0 0 0 0 0 0 0 0 0 0 0 0 0 0 0 0 0 0 0 0 0 0 0 0 0 0 0 0 0 0 0 0 0 0 0 0 0 0 0 0 0 0 0 0 0 0 0 0 0 0 0 0 0 0 0 97.9172
0.459348 0.754478 0.816886 1.15529 0.684423 16.2261 16.881 7.89525 8.8118 11.3094 102.746 3.59622 13.5034 18.7993 8.35005 2.39594 1.33284 0.578755 1.18274 0.155217 0.013685 0 0 0 0 0 0 0 0 0 0 0 0 0 0 0 0 0 0 0 0 0 0 0 0 0 0 0 0 0 0 0 0 0 0 0 0 0 0 0 0 0 0 0 0 0 0 0 0 0 0 0 0 0 0 91.2372
0 0.371084 0.278446 0.449796 0.326196 0.556294 7.65138 1.55192 1.74839 8.13127 3.59622 34.4664 11.7835 9.26661 9.29974 5.06215 6.98893 0.562116 1.25983 0.359581 0.090657 0.226529 0 0 0 0 0 0 0 0 0 0 0 0 0 0 0 0 0 0 0 0 0 0 0 0 0 0 0 0 0 0 0 0 0 0 0 0 0 0 0 0 0 0 0 0 0 0 0 0 0 0 0 0 0 42.5101
0 0 0.534528 0.309006 0.583856 0.476852 1.52816 18.2099 3.67714 9.82906 13.5034 11.7835 116.433 9.56261 6.49287 10.2059 5.9185 6.706 0.797943 0.595517 0.150864 0.120838 0.13534 0 0 0 0 0 0 0 0 0 0 0 0 0 0 0 0 0 0 0 0 0 0 0 0 0 0 0 0 0 0 0 0 0 0 0 0 0 0 0 0 0 0 0 0 0 0 0 0 0 0 0 0 80.4602
0 0 0 0.04158 0.200949 0.76158 0.963371 1.36657 11.3976 8.65895 18.7993 9.26661 9.56261 115.916 9.78715 3.63344 12.64 2.58056 10.5676 0.26321 0.150581 0.304655 0.102244 0.06636 0 0 0 0 0 0 0 0 0 0 0 0 0 0 0 0 0 0 0 0 0 0 0 0 0 0 0 0 0 0 0 0 0 0 0 0 0 0 0 0 0 0 0 0 0 0 0 0 0 0 0 139.149
0 0 0 0 0.442428 0.556256 1.02384 1.1099 0.945536 13.3085 8.35005 9.29974 6.49287 9.78715 81.5002 3.50263 6.91592 4.58042 10.1533 13.5586 0.982424 0.768747 0.810258 0.603393 0.182 0 0 0 0 0 0 0 0 0 0 0 0 0 0 0 0 0 0 0 0 0 0 0 0 0 0 0 0 0 0 0 0 0 0 0 0 0 0 0 0 0 0 0 0 0 0 0 0 0 0 50.1876
0 0 0 0 0 0.056166 0.265408 0.658131 0.127639 0.709012 2.39594 5.06215 10.2059 3.63344 3.50263 37.3474 5.45214 12.3897 8.98906 17.0954 6.50695 1.5133 1.41527 1.38616 0.578685 0.491499 0 0 0 0 0 0 0 0 0 0 0 0 0 0 0 0 0 0 0 0 0 0 0 0 0 0 0 0 0 0 0 0 0 0 0 0 0 0 0 0 0 0 0 0 0 0 0 0 0 67.0459
0 0 0 0 0 0 0.158478 0.321038 0.609216 1.14205 1.33284 6.98893 5.9185 12.64 6.91592 5.45214 34.9026 1.73661 8.50721 5.55121 1.30229 4.67411 1.01542 0.663407 0.035266 -0.024604 0.135422 0 0 0 0 0 0 0 0 0 0 0 0 0 0 0 0 0 0 0 0 0 0 0 0 0 0 0 0 0 0 0 0 0 0 0 0 0 0 0 0 0 0 0 0 0 0 0 0 52.1623
0 0 0 0 0 0 0 0.320881 0.168849 0.300721 0.578755 0.562116 6.706 2.58056 4.58042 12.3897 1.73661 66.449 14.1562 13.6235 6.09085 3.49773 14.8365 1.30473 0.596952 1.07974 0.913624 0.559048 0 0 0 0 0 0 0 0 0 0 0 0 0 0 0 0 0 0 0 0 0 0 0 0 0 0 0 0 0 0 0 0 0 0 0 0 0 0 0 0 0 0 0 0 0 0 0 75.8647
0 0 0 0 0 0 0 0 0.667926 0.918599 1.18274 1.25983 0.797943 10.5676 10.1533 8.98906 8.50721 14.1562 99.6355 13.973 8.75121 15.3852 17.519 12.4597 0.688315 0.584662 1.60254 0.73746 0.368793 0 0 0 0 0 0 0 0 0 0 0 0 0 0 0 0 0 0 0 0 0 0 0 0 0 0 0 0 0 0 0 0 0 0 0 0 0 0 0 0 0 0 0 0 0 0 139.922
0 0 0 0 0 0 0 0 0 0.03982 0.155217 0.359581 0.595517 0.26321 13.5586 17.0954 5.55121 13.6235 13.973 181.104 15.7954 11.7451 12.979 11.4051 4.93667 0.710003 0.669438 0.51934 0.279657 -0.010912 0 0 0 0 0 0 0 0 0 0 0 0 0 0 0 0 0 0 0 0 0 0 0 0 0 0 0 0 0 0 0 0 0 0 0 0 0 0 0 0 0 0 0 0 0 191.31
0 0 0 0 0 0 0 0 0 0 0.013685 0.090657 0.150864 0.150581 0.982424 6.50695 1.30229 6.09085 8.75121 15.7954 68.0407 8.14005 6.202 10.4677 11.3877 8.41473 1.02534 0.781428 0.544566 0.030808 0.08178 0 0 0 0 0 0 0 0 0 0 0 0 0 0 0 0 0 0 0 0 0 0 0 0 0 0 0 0 0 0 0 0 0 0 0 0 0 0 0 0 0 0 0 0 56.2054
0 0 0 0 0 0 0 0 0 0 0 0.226529 0.120838 0.304655 0.768747 1.5133 4.67411 3.49773 15.3852 11.7451 8.14005 61.5956 13.225 6.4528 0.26365 2.49055 8.05226 0.692776 0.270893 0.311684 0.22642 0.0464 0 0 0 0 0 0 0 0 0 0 0 0 0 0 0 0 0 0 0 0 0 0 0 0 0 0 0 0 0 0 0 0 0 0 0 0 0 0 0 0 0 0 0 43.6358
0 0 0 0 0 0 0 0 0 0 0 0 0.13534 0.102244 0.810258 1.41527 1.01542 14.8365 17.519 12.979 6.202 13.225 130.717 6.19622 3.46508 10.699 11.7127 6.8372 0.284406 0.205879 0.167816 0.01913 -0.003535 0 0 0 0 0 0 0 0 0 0 0 0 0 0 0 0 0 0 0 0 0 0 0 0 0 0 0 0 0 0 0 0 0 0 0 0 0 0 0 0 0 0 48.2299
0 0 0 0 0 0 0 0 0 0 0 0 0 0.06636 0.603393 1.38616 0.663407 1.30473 12.4597 11.4051 10.4677 6.4528 6.19622 59.9171 9.79985 7.08666 15.9181 9.53384 6.45518 1.17843 0.85478 0.419968 0.174792 0.12177 0 0 0 0 0 0 0 0 0 0 0 0 0 0 0 0 0 0 0 0 0 0 0 0 0 0 0 0 0 0 0 0 0 0 0 0 0 0 0 0 0 58.0459
0 0 0 0 0 0 0 0 0 0 0 0 0 0 0.182 0.578685 0.035266 0.596952 0.688315 4.93667 11.3877 0.26365 3.46508 9.79985 53.853 7.54043 5.70657 7.82619 5.37412 7.63166 0.696038 0.718666 0.456913 0.134713 0.399375 0 0 0 0 0 0 0 0 0 0 0 0 0 0 0 0 0 0 0 0 0 0 0 0 0 0 0 0 0 0 0 0 0 0 0 0 0 0 0 0 61.5567
0 0 0 0 0 0 0 0 0 0 0 0 0 0 0 0.491499 -0.024604 1.07974 0.584662 0.710003 8.41473 2.49055 10.699 7.08666 7.54043 64.0421 11.2133 8.87935 6.59191 16.3429 16.5724 1.66501 1.21995 0.839687 1.24655 0.366744 0 0 0 0 0 0 0 0 0 0 0 0 0 0 0 0 0 0 0 0 0 0 0 0 0 0 0 0 0 0 0 0 0 0 0 0 0 0 0 82.0508
0 0 0 0 0 0 0 0 0 0 0 0 0 0 0 0 0.135422 0.913624 1.60254 0.669438 1.02534 8.05226 11.7127 15.9181 5.70657 11.2133 93.8698 13.0494 10.4498 11.099 3.0417 10.0945 0.815408 0.618842 0.88524 0.451902 0.252966 0 0 0 0 0 0 0 0 0 0 0 0 0 0 0 0 0 0 0 0 0 0 0 0 0 0 0 0 0 0 0 0 0 0 0 0 0 0 54.1836
0 0 0 0 0 0 0 0 0 0 0 0 0 0 0 0 0 0.559048 0.73746 0.51934 0.781428 0.692776 6.8372 9.53384 7.82619 8.87935 13.0494 45.3768 4.69149 6.51413 10.7826 6.0613 7.67107 1.35613 1.53265 0.610934 0.184918 0.15496 0 0 0 0 0 0 0 0 0 0 0 0 0 0 0 0 0 0 0 0 0 0 0 0 0 0 0 0 0 0 0 0 0 0 0 0 0 43.4006
0 0 0 0 0 0 0 0 0 0 0 0 0 0 0 0 0 0 0.368793 0.279657 0.544566 0.270893 0.284406 6.45518 5.37412 6.59191 10.4498 4.69149 49.3666 15.664 7.76663 8.17629 11.1854 4.45401 1.90793 0.570856 0.197669 0.193056 0.007395 0 0 0 0 0 0 0 0 0 0 0 0 0 0 0 0 0 0 0 0 0 0 0 0 0 0 0 0 0 0 0 0 0 0 0 0 70.1995
0 0 0 0 0 0 0 0 0 0 0 0 0 0 0 0 0 0 0 -0.010912 0.030808 0.311684 0.205879 1.17843 7.63166 16.3429 11.099 6.51413 15.664 137.251 7.08385 20.5812 13.3366 4.7286 13.8589 1.14043 0.452937 0.219955 0.34653 0.36542 0 0 0 0 0 0 0 0 0 0 0 0 0 0 0 0 0 0 0 0 0 0 0 0 0 0 0 0 0 0 0 0 0 0 0 136.045
0 0 0 0 0 0 0 0 0 0 0 0 0 0 0 0 0 0 0 0 0.08178 0.22642 0.167816 0.85478 0.696038 16.5724 3.0417 10.7826 7.76663 7.08385 139.933 14.4624 14.8345 13.2352 13.3757 7.05424 0.305285 0.283069 0.304965 0.19208 0.034776 0 0 0 0 0 0 0 0 0 0 0 0 0 0 0 0 0 0 0 0 0 0 0 0 0 0 0 0 0 0 0 0 0 0 163.224
0 0 0 0 0 0 0 0 0 0 0 0 0 0 0 0 0 0 0 0 0 0.0464 0.01913 0.419968 0.718666 1.66501 10.0945 6.0613 8.17629 20.5812 14.4624 99.3156 9.99191 4.48587 16.8985 8.78328 3.36367 0.367946 0.634126 0.723008 0.095753 -0.003961 0 0 0 0 0 0 0 0 0 0 0 0 0 0 0 0 0 0 0 0 0 0 0 0 0 0 0 0 0 0 0 0 0 112.401
0 0 0 0 0 0 0 0 0 0 0 0 0 0 0 0 0 0 0 0 0 0 -0.003535 0.174792 0.456913 1.21995 0.815408 7.67107 11.1854 13.3366 14.8345 9.99191 106.379 14.6276 13.0601 5.60128 2.0952 5.19888 0.967752 0.492186 0.300927 0.042663 0.130761 0 0 0 0 0 0 0 0 0 0 0 0 0 0 0 0 0 0 0 0 0 0 0 0 0 0 0 0 0 0 0 0 148.792
0 0 0 0 0 0 0 0 0 0 0 0 0 0 0 0 0 0 0 0 0 0 0 0.12177 0.134713 0.839687 0.618842 1.35613 4.45401 4.7286 13.2352 4.48587 14.6276 45.0953 9.93681 7.80861 5.32138 5.0881 5.04166 1.00478 0.953485 0.290596 0.227046 0.029356 0 0 0 0 0 0 0 0 0 0 0 0 0 0 0 0 0 0 0 0 0 0 0 0 0 0 0 0 0 0 0 90.6518
0 0 0 0 0 0 0 0 0 0 0 0 0 0 0 0 0 0 0 0 0 0 0 0 0.399375 1.24655 0.88524 1.53265 1.90793 13.8589 13.3757 16.8985 13.0601 9.93681 81.6943 11.125 7.74557 5.42971 12.0587 14.7092 1.56712 1.24794 0.594384 0.330788 -0.00902 0 0 0 0 0 0 0 0 0 0 0 0 0 0 0 0 0 0 0 0 0 0 0 0 0 0 0 0 0 0 135.46
0 0 0 0 0 0 0 0 0 0 0 0 0 0 0 0 0 0 0 0 0 0 0 0 0 0.366744 0.451902 0.610934 0.570856 1.14043 7.05424 8.78328 5.60128 7.80861 11.125 87.9006 9.56807 6.65507 10.1272 11.144 4.36004 0.393349 0.108126 0.084704 -0.003168 0 0 0 0 0 0 0 0 0 0 0 0 0 0 0 0 0 0 0 0 0 0 0 0 0 0 0 0 0 0 119.622
0 0 0 0 0 0 0 0 0 0 0 0 0 0 0 0 0 0 0 0 0 0 0 0 0 0 0.252966 0.184918 0.197669 0.452937 0.305285 3.36367 2.0952 5.32138 7.74557 9.56807 52.3771 8.30382 9.426 13.2818 11.6004 5.17632 1.19009 0.860912 0.436629 0.12488 0.051376 0 0 0 0 0 0 0 0 0 0 0 0 0 0 0 0 0 0 0 0 0 0 0 0 0 0 0 0 44.8739
0 0 0 0 0 0 0 0 0 0 0 0 0 0 0 0 0 0 0 0 0 0 0 0 0 0 0 0.15496 0.193056 0.219955 0.283069 0.367946 5.19888 5.0881 5.42971 6.65507 8.30382 69.6209 9.83083 9.57707 6.97374 4.7823 12.4777 0.7489 0.415439 0.822614 0.06846 0.141372 0 0 0 0 0 0 0 0 0 0 0 0 0 0 0 0 0 0 0 0 0 0 0 0 0 0 0 91.5766
0 0 0 0 0 0 0 0 0 0 0 0 0 0 0 0 0 0 0 0 0 0 0 0 0 0 0 0 0.007395 0.34653 0.304965 0.634126 0.967752 5.04166 12.0587 10.1272 9.426 9.83083 75.8097 16.6971 15.3494 14.8296 5.94624 7.39625 1.26844 0.924842 0.568443 0.393426 0.381426 0 0 0 0 0 0 0 0 0 0 0 0 0 0 0 0 0 0 0 0 0 0 0 0 0 0 46.4369
0 0 0 0 0 0 0 0 0 0 0 0 0 0 0 0 0 0 0 0 0 0 0 0 0 0 0 0 0 0.36542 0.19208 0.723008 0.492186 1.00478 14.7092 11.144 13.2818 9.57707 16.6971 102.147 10.5372 12.6185 3.24059 5.67048 10.041 0.702408 0.78838 0.307452 0.789286 0.372164 0 0 0 0 0 0 0 0 0 0 0 0 0 0 0 0 0 0 0 0 0 0 0 0 0 52.4645
0 0 0 0 0 0 0 0 0 0 0 0 0 0 0 0 0 0 0 0 0 0 0 0 0 0 0 0 0 0 0.034776 0.095753 0.300927 0.953485 1.56712 4.36004 11.6004 6.97374 15.3494 10.5372 100.286 12.7994 15.6442 11.7253 16.6729 8.33849 1.11329 0.431746 1.05694 0.459913 0.42903 0 0 0 0 0 0 0 0 0 0 0 0 0 0 0 0 0 0 0 0 0 0 0 0 50.1556
0 0 0 0 0 0 0 0 0 0 0 0 0 0 0 0 0 0 0 0 0 0 0 0 0 0 0 0 0 0 0 -0.003961 0.042663 0.290596 1.24794 0.393349 5.17632 4.7823 14.8296 12.6185 12.7994 102.105 16.1553 14.2351 12.0819 13.9906 5.22251 0.926053 1.351 0.348798 0.572511 0.102003 0 0 0 0 0 0 0 0 0 0 0 0 0 0 0 0 0 0 0 0 0 0 0 40.4981
0 0 0 0 0 0 0 0 0 0 0 0 0 0 0 0 0 0 0 0 0 0 0 0 0 0 0 0 0 0 0 0 0.130761 0.227046 0.594384 0.108126 1.19009 12.4777 5.94624 3.24059 15.6442 16.1553 78.0539 10.875 3.50626 16.8478 1.63295 3.85218 1.09827 0.169276 0.807063 0.085158 0.111605 0 0 0 0 0 0 0 0 0 0 0 0 0 0 0 0 0 0 0 0 0 0 67.5085
0 0 0 0 0 0 0 0 0 0 0 0 0 0 0 0 0 0 0 0 0 0 0 0 0 0 0 0 0 0 0 0 0 0.029356 0.330788 0.084704 0.860912 0.7489 7.39625 5.67048 11.7253 14.2351 10.875 115.995 11.014 17.2189 11.4275 17.6669 14.5371 0.592529 1.30438 0.423787 0.700791 0.315172 0 0 0 0 0 0 0 0 0 0 0 0 0 0 0 0 0 0 0 0 0 115.971
0 0 0 0 0 0 0 0 0 0 0 0 0 0 0 0 0 0 0 0 0 0 0 0 0 0 0 0 0 0 0 0 0 0 -0.00902 -0.003168 0.436629 0.415439 1.26844 10.041 16.6729 12.0819 3.50626 11.014 114.763 8.77361 8.4665 3.4557 13.4368 7.78654 0.42007 0.338963 0.473228 0.867226 0.182156 0 0 0 0 0 0 0 0 0 0 0 0 0 0 0 0 0 0 0 0 84.8463
0 0 0 0 0 0 0 0 0 0 0 0 0 0 0 0 0 0 0 0 0 0 0 0 0 0 0 0 0 0 0 0 0 0 0 0 0.12488 0.822614 0.924842 0.702408 8.33849 13.9906 16.8478 17.2189 8.77361 113.789 10.1617 9.09395 11.5159 4.25293 9.04978 0.578277 0.765341 0.65282 0.121877 0.12852 0 0 0 0 0 0 0 0 0 0 0 0 0 0 0 0 0 0 0 73.9057
0 0 0 0 0 0 0 0 0 0 0 0 0 0 0 0 0 0 0 0 0 0 0 0 0 0 0 0 0 0 0 0 0 0 0 0 0.051376 0.06846 0.568443 0.78838 1.11329 5.22251 1.63295 11.4275 8.4665 10.1617 32.0146 3.37168 5.91031 2.2959 2.84438 8.54119 0.740932 0.412848 0.554438 0.275238 0.187806 0 0 0 0 0 0 0 0 0 0 0 0 0 0 0 0 0 0 44.3821
0 0 0 0 0 0 0 0 0 0 0 0 0 0 0 0 0 0 0 0 0 0 0 0 0 0 0 0 0 0 0 0 0 0 0 0 0 0.141372 0.393426 0.307452 0.431746 0.926053 3.85218 17.6669 3.4557 9.09395 3.37168 83.1357 10.506 7.25827 12.3076 3.26186 7.91482 1.0951 0.554213 0.622075 0.20993 0.155854 0 0 0 0 0 0 0 0 0 0 0 0 0 0 0 0 0 84.3375
0 0 0 0 0 0 0 0 0 0 0 0 0 0 0 0 0 0 0 0 0 0 0 0 0 0 0 0 0 0 0 0 0 0 0 0 0 0 0.381426 0.789286 1.05694 1.351 1.09827 14.5371 13.4368 11.5159 5.91031 10.506 63.1952 3.80096 5.52362 3.63065 13.6336 10.5007 0.892257 0.937284 0.571827 0.782168 0.151139 0 0 0 0 0 0 0 0 0 0 0 0 0 0 0 0 85.456
0 0 0 0 0 0 0 0 0 0 0 0 0 0 0 0 0 0 0 0 0 0 0 0 0 0 0 0 0 0 0 0 0 0 0 0 0 0 0 0.372164 0.459913 0.348798 0.169276 0.592529 7.78654 4.25293 2.2959 7.25827 3.80096 51.4779 8.22883 7.23387 4.41131 10.6417 5.20158 1.4476 0.378233 0.661111 0.17008 0.014874 0 0 0 0 0 0 0 0 0 0 0 0 0 0 0 32.5388
0 0 0 0 0 0 0 0 0 0 0 0 0 0 0 0 0 0 0 0 0 0 0 0 0 0 0 0 0 0 0 0 0 0 0 0 0 0 0 0 0.42903 0.572511 0.807063 1.30438 0.42007 9.04978 2.84438 12.3076 5.52362 8.22883 57.5978 4.51915 12.213 5.7259 4.59531 13.2327 1.00908 1.1452 0.551211 0.240162 -0.001644 0 0 0 0 0 0 0 0 0 0 0 0 0 0 42.0608
0 0 0 0 0 0 0 0 0 0 0 0 0 0 0 0 0 0 0 0 0 0 0 0 0 0 0 0 0 0 0 0 0 0 0 0 0 0 0 0 0 0.102003 0.085158 0.423787 0.338963 0.578277 8.54119 3.26186 3.63065 7.23387 4.51915 61.5444 5.39396 9.29702 7.02309 8.49491 3.6329 1.29993 0.783052 0.324006 0.175353 0.10296 0 0 0 0 0 0 0 0 0 0 0 0 0 52.2892
0 0 0 0 0 0 0 0 0 0 0 0 0 0 0 0 0 0 0 0 0 0 0 0 0 0 0 0 0 0 0 0 0 0 0 0 0 0 0 0 0 0 0.111605 0.700791 0.473228 0.765341 0.740932 7.91482 13.6336 4.41131 12.213 5.39396 99.3915 9.21586 12.4384 9.13332 7.65422 10.2926 0.582099 0.601978 0.3076 0.314615 0.319485 0 0 0 0 0 0 0 0 0 0 0 0 74.1033
0 0 0 0 0 0 0 0 0 0 0 0 0 0 0 0 0 0 0 0 0 0 0 0 0 0 0 0 0 0 0 0 0 0 0 0 0 0 0 0 0 0 0 0.315172 0.867226 0.65282 0.412848 1.0951 10.5007 10.6417 5.7259 9.29702 9.21586 83.3085 11.8014 14.7662 3.99854 15.6251 10.3481 1.26987 0.872298 0.880017 0.687919 0.495236 0 0 0 0 0 0 0 0 0 0 0 123.878
0 0 0 0 0 0 0 0 0 0 0 0 0 0 0 0 0 0 0 0 0 0 0 0 0 0 0 0 0 0 0 0 0 0 0 0 0 0 0 0 0 0 0 0 0.182156 0.121877 0.554438 0.554213 0.892257 5.20158 4.59531 7.02309 12.4384 11.8014 58.606 6.65888 3.0156 16.0481 4.35012 7.39568 1.21811 1.08766 1.33515 0.416573 0.411949 0 0 0 0 0 0 0 0 0 0 64.8741
0 0 0 0 0 0 0 0 0 0 0 0 0 0 0 0 0 0 0 0 0 0 0 0 0 0 0 0 0 0 0 0 0 0 0 0 0 0 0 0 0 0 0 0 0 0.12852 0.275238 0.622075 0.937284 1.4476 13.2327 8.49491 9.13332 14.7662 6.65888 100.977 11.0028 7.66172 12.3738 11.7617 3.57859 0.749333 0.751672 0.639624 0.562804 0.207142 0 0 0 0 0 0 0 0 0 101.262
0 0 0 0 0 0 0 0 0 0 0 0 0 0 0 0 0 0 0 0 0 0 0 0 0 0 0 0 0 0 0 0 0 0 0 0 0 0 0 0 0 0 0 0 0 0 0.187806 0.20993 0.571827 0.378233 1.00908 3.6329 7.65422 3.99854 3.0156 11.0028 54.5713 16.7589 8.23423 13.4338 11.83 13.2672 1.96061 1.37327 0.589583 0.635938 0.43928 0 0 0 0 0 0 0 0 108.516
0 0 0 0 0 0 0 0 0 0 0 0 0 0 0 0 0 0 0 0 0 0 0 0 0 0 0 0 0 0 0 0 0 0 0 0 0 0 0 0 0 0 0 0 0 0 0 0.155854 0.782168 0.661111 1.1452 1.29993 10.2926 15.6251 16.0481 7.66172 16.7589 150.035 7.97066 22.416 18.2992 18.6695 13.2884 1.58006 1.00381 1.06281 0.43749 0.045619 0 0 0 0 0 0 0 191.734
0 0 0 0 0 0 0 0 0 0 0 0 0 0 0 0 0 0 0 0 0 0 0 0 0 0 0 0 0 0 0 0 0 0 0 0 0 0 0 0 0 0 0 0 0 0 0 0 0.151139 0.17008 0.551211 0.783052 0.582099 10.3481 4.35012 12.3738 8.23423 7.97066 99.8659 10.6534 10.319 11.2162 10.3469 9.49442 1.12567 1.14433 0.377161 0.346471 0.013509 0 0 0 0 0 0 154.795
0 0 0 0 0 0 0 0 0 0 0 0 0 0 0 0 0 0 0 0 0 0 0 0 0 0 0 0 0 0 0 0 0 0 0 0 0 0 0 0 0 0 0 0 0 0 0 0 0 0.014874 0.240162 0.324006 0.601978 1.26987 7.39568 11.7617 13.4338 22.416 10.6534 143.485 14.4406 10.5882 13.4807 7.33957 15.2958 1.24696 0.880012 0.457162 0.442242 0.14751 0 0 0 0 0 197.521
0 0 0 0 0 0 0 0 0 0 0 0 0 0 0 0 0 0 0 0 0 0 0 0 0 0 0 0 0 0 0 0 0 0 0 0 0 0 0 0 0 0 0 0 0 0 0 0 0 0 -0.001644 0.175353 0.3076 0.872298 1.21811 3.57859 11.83 18.2992 10.319 14.4406 108.958 16.9791 9.78984 14.9127 3.37451 13.3509 1.24614 0.719415 0.501991 0.093956 0.33166 0 0 0 0 179.049
0 0 0 0 0 0 0 0 0 0 0 0 0 0 0 0 0 0 0 0 0 0 0 0 0 0 0 0 0 0 0 0 0 0 0 0 0 0 0 0 0 0 0 0 0 0 0 0 0 0 0 0.10296 0.314615 0.880017 1.08766 0.749333 13.2672 18.6695 11.2162 10.5882 16.9791 117.434 7.09725 11.2563 3.00225 11.3528 9.82637 0.819886 0.859189 0.164891 0.502789 0.21889 0 0 0 165.75
0 0 0 0 0 0 0 0 0 0 0 0 0 0 0 0 0 0 0 0 0 0 0 0 0 0 0 0 0 0 0 0 0 0 0 0 0 0 0 0 0 0 0 0 0 0 0 0 0 0 0 0 0.319485 0.687919 1.33515 0.751672 1.96061 13.2884 10.3469 13.4807 9.78984 7.09725 67.1481 10.8629 18.1865 15.0346 3.21864 10.7967 1.97402 1.08377 0.775377 0.15816 0.58692 0 0 123.287
0 0 0 0 0 0 0 0 0 0 0 0 0 0 0 0 0 0 0 0 0 0 0 0 0 0 0 0 0 0 0 0 0 0 0 0 0 0 0 0 0 0 0 0 0 0 0 0 0 0 0 0 0 0.495236 0.416573 0.639624 1.37327 1.58006 9.49442 7.33957 14.9127 11.2563 10.8629 91.6902 16.4413 9.35122 12.9732 18.3431 7.77685 1.01461 0.805147 0.792393 0.955404 0.1131 0 116.127
0 0 0 0 0 0 0 0 0 0 0 0 0 0 0 0 0 0 0 0 0 0 0 0 0 0 0 0 0 0 0 0 0 0 0 0 0 0 0 0 0 0 0 0 0 0 0 0 0 0 0 0 0 0 0.411949 0.562804 0.589583 1.00381 1.12567 15.2958 3.37451 3.00225 18.1865 16.4413 120.45 12.6756 10.9892 9.37126 20.2506 4.37107 0.771948 0.878108 1.06784 0.29596 0.012604 135.359
0 0 0 0 0 0 0 0 0 0 0 0 0 0 0 0 0 0 0 0 0 0 0 0 0 0 0 0 0 0 0 0 0 0 0 0 0 0 0 0 0 0 0 0 0 0 0 0 0 0 0 0 0 0 0 0.207142 0.635938 1.06281 1.14433 1.24696 13.3509 11.3528 15.0346 9.35122 12.6756 108.077 10.8564 4.61846 17.4323 5.5527 9.69412 0.948194 0.748506 0.665352 0.158352 145.263
0 0 0 0 0 0 0 0 0 0 0 0 0 0 0 0 0 0 0 0 0 0 0 0 0 0 0 0 0 0 0 0 0 0 0 0 0 0 0 0 0 0 0 0 0 0 0 0 0 0 0 0 0 0 0 0 0.43928 0.43749 0.377161 0.880012 1.24614 9.82637 3.21864 12.9732 10.9892 10.8564 46.5625 9.69321 12.7234 2.11892 2.9537 11.0967 0.766031 0.852347 0.75619 61.0399
0 0 0 0 0 0 0 0 0 0 0 0 0 0 0 0 0 0 0 0 0 0 0 0 0 0 0 0 0 0 0 0 0 0 0 0 0 0 0 0 0 0 0 0 0 0 0 0 0 0 0 0 0 0 0 0 0 0.045619 0.346471 0.457162 0.719415 0.819886 10.7967 18.3431 9.37126 4.61846 9.69321 102.598 15.4579 9.72786 5.06325 10.0913 9.718 1.19258 1.08518 95.0609
0 0 0 0 0 0 0 0 0 0 0 0 0 0 0 0 0 0 0 0 0 0 0 0 0 0 0 0 0 0 0 0 0 0 0 0 0 0 0 0 0 0 0 0 0 0 0 0 0 0 0 0 0 0 0 0 0 0 0.013509 0.442242 0.501991 0.859189 1.97402 7.77685 20.2506 17.4323 12.7234 15.4579 140.271 5.37882 11.297 16.1635 9.92206 12.7062 1.48496 107.42
0 0 0 0 0 0 0 0 0 0 0 0 0 0 0 0 0 0 0 0 0 0 0 0 0 0 0 0 0 0 0 0 0 0 0 0 0 0 0 0 0 0 0 0 0 0 0 0 0 0 0 0 0 0 0 0 0 0 0 0.14751 0.093956 0.164891 1.08377 1.01461 4.37107 5.5527 2.11892 9.72786 5.37882 59.5995 3.34496 6.78942 2.98847 10.8435 5.88539 78.5997
0 0 0 0 0 0 0 0 0 0 0 0 0 0 0 0 0 0 0 0 0 0 0 0 0 0 0 0 0 0 0 0 0 0 0 0 0 0 0 0 0 0 0 0 0 0 0 0 0 0 0 0 0 0 0 0 0 0 0 0 0.33166 0.502789 0.775377 0.805147 0.771948 9.69412 2.9537 5.06325 11.297 3.34496 58.5816 9.40355 6.98395 13.4479 3.68744 39.4761
0 0 0 0 0 0 0 0 0 0 0 0 0 0 0 0 0 0 0 0 0 0 0 0 0 0 0 0 0 0 0 0 0 0 0 0 0 0 0 0 0 0 0 0 0 0 0 0 0 0 0 0 0 0 0 0 0 0 0 0 0 0.21889 0.15816 0.792393 0.878108 0.948194 11.0967 10.0913 16.1635 6.78942 9.40355 66.2925 2.7547 13.1502 7.57197 81.21
0 0 0 0 0 0 0 0 0 0 0 0 0 0 0 0 0 0 0 0 0 0 0 0 0 0 0 0 0 0 0 0 0 0 0 0 0 0 0 0 0 0 0 0 0 0 0 0 0 0 0 0 0 0 0 0 0 0 0 0 0 0 0.58692 0.955404 1.06784 0.748506 0.766031 9.718 9.92206 2.98847 6.98395 2.7547 11.3834 9.4341 5.68722 31.7558
0 0 0 0 0 0 0 0 0 0 0 0 0 0 0 0 0 0 0 0 0 0 0 0 0 0 0 0 0 0 0 0 0 0 0 0 0 0 0 0 0 0 0 0 0 0 0 0 0 0 0 0 0 0 0 0 0 0 0 0 0 0 0 0.1131 0.29596 0.665352 0.852347 1.19258 12.7062 10.8435 13.4479 13.1502 9.4341 80.1172 9.51934 79.1055
0 0 0 0 0 0 0 0 0 0 0 0 0 0 0 0 0 0 0 0 0 0 0 0 0 0 0 0 0 0 0 0 0 0 0 0 0 0 0 0 0 0 0 0 0 0 0 0 0 0 0 0 0 0 0 0 0 0 0 0 0 0 0 0 0.012604 0.158352 0.75619 1.08518 1.48496 5.88539 3.68744 7.57197 5.68722 9.51934 18.8535 37.2701

565.834 25.4178 33.2136 17.9313 25.6814 54.5515 1.37547 0.491943 0.913526 0.927764 0.459348 0 0 0 0 0 0 0 0 0 0 0 0 0 0 0 0 0 0 0 0 0 0 0 0 0 0 0 0 0 0 0 0 0 0 0 0 0 0 0 0 0 0 0 0 0 0 0 0 0 0 0 0 0 0 0 0 0 0 0 0 0 0 0 0 597.966
25.4178 857.098 27.553 52.1245 35.4017 26.0235 68.7899 1.10399 1.14036 0.832343 0.754478 0.371084 0 0 0 0 0 0 0 0 0 0 0 0 0 0 0 0 0 0 0 0 0 0 0 0 0 0 0 0 0 0 0 0 0 0 0 0 0 0 0 0 0 0 0 0 0 0 0 0 0 0 0 0 0 0 0 0 0 0 0 0 0 0 0 529.757
33.2136 27.553 1137.68 66.4475 15.8461 60.1447 54.7004 28.9657 1.52321 1.03167 0.816886 0.278446 0.534528 0 0 0 0 0 0 0 0 0 0 0 0 0 0 0 0 0 0 0 0 0 0 0 0 0 0 0 0 0 0 0 0 0 0 0 0 0 0 0 0 0 0 0 0 0 0 0 0 0 0 0 0 0 0 0 0 0 0 0 0 0 0 390.324
17.9313 52.1245 66.4475 1763.95 8.57314 49.2113 69.9622 49.267 22.531 0.972986 1.15529 0.449796 0.309006 0.04158 0 0 0 0 0 0 0 0 0 0 0 0 0 0 0 0 0 0 0 0 0 0 0 0 0 0 0 0 0 0 0 0 0 0 0 0 0 0 0 0 0 0 0 0 0 0 0 0 0 0 0 0 0 0 0 0 0 0 0 0 0 1594.72
25.6814 35.4017 15.8461 8.57314 871.071 27.04 20.9579 10.4105 22.1959 50.1025 0.684423 0.326196 0.583856 0.200949 0.442428 0 0 0 0 0 0 0 0 0 0 0 0 0 0 0 0 0 0 0 0 0 0 0 0 0 0 0 0 0 0 0 0 0 0 0 0 0 0 0 0 0 0 0 0 0 0 0 0 0 0 0 0 0 0 0 0 0 0 0 0 689.788
54.5515 26.0235 60.1447 49.2113 27.04 3254.58 80.0531 1.30402 47.0665 58.402 77.887 0.556294 0.476852 0.76158 0.556256 0.056166 0 0 0 0 0 0 0 0 0 0 0 0 0 0 0 0 0 0 0 0 0 0 0 0 0 0 0 0 0 0 0 0 0 0 0 0 0 0 0 0 0 0 0 0 0 0 0 0 0 0 0 0 0 0 0 0 0 0 0 760.136
1.37547 68.7899 54.7004 69.9622 20.9579 80.0531 2786.86 47.321 25.3393 56.1911 80.6137 36.7053 1.52816 0.963371 1.02384 0.265408 0.158478 0 0 0 0 0 0 0 0 0 0 0 0 0 0 0 0 0 0 0 0 0 0 0 0 0 0 0 0 0 0 0 0 0 0 0 0 0 0 0 0 0 0 0 0 0 0 0 0 0 0 0 0 0 0 0 0 0 0 1279.24
0.491943 1.10399 28.9657 49.267 10.4105 1.30402 47.321 1606.85 29.3205 66.761 33.6647 2.51672 88.2027 1.36657 1.1099 0.658131 0.321038 0.320881 0 0 0 0 0 0 0 0 0 0 0 0 0 0 0 0 0 0 0 0 0 0 0 0 0 0 0 0 0 0 0 0 0 0 0 0 0 0 0 0 0 0 0 0 0 0 0 0 0 0 0 0 0 0 0 0 0 1552.73
0.913526 1.14036 1.52321 22.531 22.1959 47.0665 25.3393 29.3205 807.456 43.0945 37.1113 5.59 14.5196 54.9439 0.945536 0.127639 0.609216 0.168849 0.667926 0 0 0 0 0 0 0 0 0 0 0 0 0 0 0 0 0 0 0 0 0 0 0 0 0 0 0 0 0 0 0 0 0 0 0 0 0 0 0 0 0 0 0 0 0 0 0 0 0 0 0 0 0 0 0 0 593.642
0.927764 0.832343 1.03167 0.972986 50.1025 58.402 56.1911 66.761 43.0945 2719.67 49.2868 35.5716 43.5232 38.341 64.3921 0.709012 1.14205 0.300721 0.918599 0.03982 0 0 0 0 0 0 0 0 0 0 0 0 0 0 0 0 0 0 0 0 0 0 0 0 0 0 0 0 0 0 0 0 0 0 0 0 0 0 0 0 0 0 0 0 0 0 0 0 0 0 0 0 0 0 0 1335.62
0.459348 0.754478 0.816886 1.15529 0.684423 77.887 80.6137 33.6647 37.1113 49.2868 2498.91 9.31897 64.8999 90.1113 36.9905 8.79479 1.33284 0.578755 1.18274 0.155217 0.013685 0 0 0 0 0 0 0 0 0 0 0 0 0 0 0 0 0 0 0 0 0 0 0 0 0 0 0 0 0 0 0 0 0 0 0 0 0 0 0 0 0 0 0 0 0 0 0 0 0 0 0 0 0 0 1203.23
0 0.371084 0.278446 0.449796 0.326196 0.556294 36.7053 2.51672 5.59 35.5716 9.31897 797.897 55.2842 39.933 43.1395 20.6065 29.7286 0.562116 1.25983 0.359581 0.090657 0.226529 0 0 0 0 0 0 0 0 0 0 0 0 0 0 0 0 0 0 0 0 0 0 0 0 0 0 0 0 0 0 0 0 0 0 0 0 0 0 0 0 0 0 0 0 0 0 0 0 0 0 0 0 0 417.197
0 0 0.534528 0.309006 0.583856 0.476852 1.52816 88.2027 14.5196 43.5232 64.8999 55.2842 2862.14 43.2591 29.6113 48.2432 27.7408 32.018 0.797943 0.595517 0.150864 0.120838 0.13534 0 0 0 0 0 0 0 0 0 0 0 0 0 0 0 0 0 0 0 0 0 0 0 0 0 0 0 0 0 0 0 0 0 0 0 0 0 0 0 0 0 0 0 0 0 0 0 0 0 0 0 0 867.677
0 0 0 0.04158 0.200949 0.76158 0.963371 1.36657 54.9439 38.341 90.1113 39.933 43.2591 2841.12 47.1005 13.2081 59.7629 11.2644 50.9143 0.26321 0.150581 0.304655 0.102244 0.06636 0 0 0 0 0 0 0 0 0 0 0 0 0 0 0 0 0 0 0 0 0 0 0 0 0 0 0 0 0 0 0 0 0 0 0 0 0 0 0 0 0 0 0 0 0 0 0 0 0 0 0 2510.13
0 0 0 0 0.442428 0.556256 1.02384 1.1099 0.945536 64.3921 36.9905 43.1395 29.6113 47.1005 1983.39 11.2556 31.2441 19.7558 44.1829 66.2806 0.982424 0.768747 0.810258 0.603393 0.182 0 0 0 0 0 0 0 0 0 0 0 0 0 0 0 0 0 0 0 0 0 0 0 0 0 0 0 0 0 0 0 0 0 0 0 0 0 0 0 0 0 0 0 0 0 0 0 0 0 0 157.532
0 0 0 0 0 0.056166 0.265408 0.658131 0.127639 0.709012 8.79479 20.6065 48.2432 13.2081 11.2556 855.882 21.8778 56.993 37.3408 81.7617 26.7292 1.5133 1.41527 1.38616 0.578685 0.491499 0 0 0 0 0 0 0 0 0 0 0 0 0 0 0 0 0 0 0 0 0 0 0 0 0 0 0 0 0 0 0 0 0 0 0 0 0 0 0 0 0 0 0 0 0 0 0 0 0 733.858
0 0 0 0 0 0 0.158478 0.321038 0.609216 1.14205 1.33284 29.7286 27.7408 59.7629 31.2441 21.8778 825.094 5.00689 35.1395 26.7364 2.95113 20.269 1.01542 0.663407 0.035266 -0.024604 0.135422 0 0 0 0 0 0 0 0 0 0 0 0 0 0 0 0 0 0 0 0 0 0 0 0 0 0 0 0 0 0 0 0 0 0 0 0 0 0 0 0 0 0 0 0 0 0 0 0 581.789
0 0 0 0 0 0 0 0.320881 0.168849 0.300721 0.578755 0.562116 32.018 11.2644 19.7558 56.993 5.00689 1603.22 63.9416 63.9973 24.8875 11.7105 70.3454 1.30473 0.596952 1.07974 0.913624 0.559048 0 0 0 0 0 0 0 0 0 0 0 0 0 0 0 0 0 0 0 0 0 0 0 0 0 0 0 0 0 0 0 0 0 0 0 0 0 0 0 0 0 0 0 0 0 0 0 1037.58
0 0 0 0 0 0 0 0 0.667926 0.918599 1.18274 1.25983 0.797943 50.9143 44.1829 37.3408 35.1395 63.9416 2371.79 63.821 35.8423 72.207 80.9497 57.3911 0.688315 0.584662 1.60254 0.73746 0.368793 0 0 0 0 0 0 0 0 0 0 0 0 0 0 0 0 0 0 0 0 0 0 0 0 0 0 0 0 0 0 0 0 0 0 0 0 0 0 0 0 0 0 0 0 0 0 2428.5
0 0 0 0 0 0 0 0 0 0.03982 0.155217 0.359581 0.595517 0.26321 66.2806 81.7617 26.7364 63.9973 63.821 4495.69 76.0673 56.893 62.9722 54.2764 22.8392 0.710003 0.669438 0.51934 0.279657 -0.010912 0 0 0 0 0 0 0 0 0 0 0 0 0 0 0 0 0 0 0 0 0 0 0 0 0 0 0 0 0 0 0 0 0 0 0 0 0 0 0 0 0 0 0 0 0 3846.08
0 0 0 0 0 0 0 0 0 0 0.013685 0.090657 0.150864 0.150581 0.982424 26.7292 2.95113 24.8875 35.8423 76.0673 1641.9 34.7619 24.0666 44.5059 55.4286 39.5949 1.02534 0.781428 0.544566 0.030808 0.08178 0 0 0 0 0 0 0 0 0 0 0 0 0 0 0 0 0 0 0 0 0 0 0 0 0 0 0 0 0 0 0 0 0 0 0 0 0 0 0 0 0 0 0 0 431.753
0 0 0 0 0 0 0 0 0 0 0 0.226529 0.120838 0.304655 0.768747 1.5133 20.269 11.7105 72.207 56.893 34.7619 1494.18 60.8008 25.7396 -1.32448 8.78888 37.812 0.692776 0.270893 0.311684 0.22642 0.0464 0 0 0 0 0 0 0 0 0 0 0 0 0 0 0 0 0 0 0 0 0 0 0 0 0 0 0 0 0 0 0 0 0 0 0 0 0 0 0 0 0 0 0 351.234
0 0 0 0 0 0 0 0 0 0 0 0 0.13534 0.102244 0.810258 1.41527 1.01542 70.3454 80.9497 62.9722 24.0666 60.8008 3221.37 24.9705 16.0976 52.8618 56.2834 32.9786 0.284406 0.205879 0.167816 0.01913 -0.003535 0 0 0 0 0 0 0 0 0 0 0 0 0 0 0 0 0 0 0 0 0 0 0 0 0 0 0 0 0 0 0 0 0 0 0 0 0 0 0 0 0 0 131.653
0 0 0 0 0 0 0 0 0 0 0 0 0 0.06636 0.603393 1.38616 0.663407 1.30473 57.3911 54.2764 44.5059 25.7396 24.9705 1400.57 42.7205 24.7831 74.2983 41.2793 27.9018 1.17843 0.85478 0.419968 0.174792 0.12177 0 0 0 0 0 0 0 0 0 0 0 0 0 0 0 0 0 0 0 0 0 0 0 0 0 0 0 0 0 0 0 0 0 0 0 0 0 0 0 0 0 501.193
0 0 0 0 0 0 0 0 0 0 0 0 0 0 0.182 0.578685 0.035266 0.596952 0.688315 22.8392 55.4286 -1.32448 16.0976 42.7205 1309.79 29.7059 24.385 35.6364 22.4131 36.0132 0.696038 0.718666 0.456913 0.134713 0.399375 0 0 0 0 0 0 0 0 0 0 0 0 0 0 0 0 0 0 0 0 0 0 0 0 0 0 0 0 0 0 0 0 0 0 0 0 0 0 0 0 1020.47
0 0 0 0 0 0 0 0 0 0 0 0 0 0 0 0.491499 -0.024604 1.07974 0.584662 0.710003 39.5949 8.78888 52.8618 24.7831 29.7059 1493.66 50.007 35.2199 25.7634 78.6547 79.9749 1.66501 1.21995 0.839687 1.24655 0.366744 0 0 0 0 0 0 0 0 0 0 0 0 0 0 0 0 0 0 0 0 0 0 0 0 0 0 0 0 0 0 0 0 0 0 0 0 0 0 0 1169.32
0 0 0 0 0 0 0 0 0 0 0 0 0 0 0 0 0.135422 0.913624 1.60254 0.669438 1.02534 37.812 56.2834 74.2983 24.385 50.007 2265.35 58.2844 47.3336 49.936 12.002 46.976 0.815408 0.618842 0.88524 0.451902 0.252966 0 0 0 0 0 0 0 0 0 0 0 0 0 0 0 0 0 0 0 0 0 0 0 0 0 0 0 0 0 0 0 0 0 0 0 0 0 0 517.868
0 0 0 0 0 0 0 0 0 0 0 0 0 0 0 0 0 0.559048 0.73746 0.51934 0.781428 0.692776 32.9786 41.2793 35.6364 35.2199 58.2844 1064.37 14.8469 26.8801 50.5123 24.5555 34.6489 1.35613 1.53265 0.610934 0.184918 0.15496 0 0 0 0 0 0 0 0 0 0 0 0 0 0 0 0 0 0 0 0 0 0 0 0 0 0 0 0 0 0 0 0 0 0 0 0 0 188.319
0 0 0 0 0 0 0 0 0 0 0 0 0 0 0 0 0 0 0.368793 0.279657 0.544566 0.270893 0.284406 27.9018 22.4131 25.7634 47.3336 14.8469 1165.66 73.0259 32.8704 34.0463 51.6031 17.2001 1.90793 0.570856 0.197669 0.193056 0.007395 0 0 0 0 0 0 0 0 0 0 0 0 0 0 0 0 0 0 0 0 0 0 0 0 0 0 0 0 0 0 0 0 0 0 0 0 792.136
0 0 0 0 0 0 0 0 0 0 0 0 0 0 0 0 0 0 0 -0.010912 0.030808 0.311684 0.205879 1.17843 36.0132 78.6547 49.936 26.8801 73.0259 3367.8 28.6808 97.7196 63.059 18.5716 64.1115 1.14043 0.452937 0.219955 0.34653 0.36542 0 0 0 0 0 0 0 0 0 0 0 0 0 0 0 0 0 0 0 0 0 0 0 0 0 0 0 0 0 0 0 0 0 0 0 1928.98
0 0 0 0 0 0 0 0 0 0 0 0 0 0 0 0 0 0 0 0 0.08178 0.22642 0.167816 0.85478 0.696038 79.9749 12.002 50.5123 32.8704 28.6808 3457.95 68.6205 71.29 63.4123 62.1754 32.3728 0.305285 0.283069 0.304965 0.19208 0.034776 0 0 0 0 0 0 0 0 0 0 0 0 0 0 0 0 0 0 0 0 0 0 0 0 0 0 0 0 0 0 0 0 0 0 2632.17
0 0 0 0 0 0 0 0 0 0 0 0 0 0 0 0 0 0 0 0 0 0.0464 0.01913 0.419968 0.718666 1.66501 46.976 24.5555 34.0463 97.7196 68.6205 2416.52 42.931 14.2052 77.2236 40.045 15.3435 0.367946 0.634126 0.723008 0.095753 -0.003961 0 0 0 0 0 0 0 0 0 0 0 0 0 0 0 0 0 0 0 0 0 0 0 0 0 0 0 0 0 0 0 0 0 1471.47
0 0 0 0 0 0 0 0 0 0 0 0 0 0 0 0 0 0 0 0 0 0 -0.003535 0.174792 0.456913 1.21995 0.815408 34.6489 51.6031 63.059 71.29 42.931 2609.22 67.6589 58.381 22.7615 8.70393 24.4052 0.967752 0.492186 0.300927 0.042663 0.130761 0 0 0 0 0 0 0 0 0 0 0 0 0 0 0 0 0 0 0 0 0 0 0 0 0 0 0 0 0 0 0 0 2375.16
0 0 0 0 0 0 0 0 0 0 0 0 0 0 0 0 0 0 0 0 0 0 0 0.12177 0.134713 0.839687 0.618842 1.35613 17.2001 18.5716 63.4123 14.2052 67.6589 1062.84 39.9675 33.6428 23.5977 23.451 22.4156 1.00478 0.953485 0.290596 0.227046 0.029356 0 0 0 0 0 0 0 0 0 0 0 0 0 0 0 0 0 0 0 0 0 0 0 0 0 0 0 0 0 0 0 1176.42
0 0 0 0 0 0 0 0 0 0 0 0 0 0 0 0 0 0 0 0 0 0 0 0 0.399375 1.24655 0.88524 1.53265 1.90793 64.1115 62.1754 77.2236 58.381 39.9675 1931.82 48.3748 29.4375 21.5457 53.3997 68.5642 1.56712 1.24794 0.594384 0.330788 -0.00902 0 0 0 0 0 0 0 0 0 0 0 0 0 0 0 0 0 0 0 0 0 0 0 0 0 0 0 0 0 0 1976.66
0 0 0 0 0 0 0 0 0 0 0 0 0 0 0 0 0 0 0 0 0 0 0 0 0 0.366744 0.451902 0.610934 0.570856 1.14043 32.3728 40.045 22.7615 33.6428 48.3748 2156.52 45.3378 30.9052 47.1889 53.3202 19.7343 0.393349 0.108126 0.084704 -0.003168 0 0 0 0 0 0 0 0 0 0 0 0 0 0 0 0 0 0 0 0 0 0 0 0 0 0 0 0 0 0 2121.24
0 0 0 0 0 0 0 0 0 0 0 0 0 0 0 0 0 0 0 0 0 0 0 0 0 0 0.252966 0.184918 0.197669 0.452937 0.305285 15.3435 8.70393 23.5977 29.4375 45.3378 1245.91 36.8224 36.848 59.9134 52.353 20.0338 1.19009 0.860912 0.436629 0.12488 0.051376 0 0 0 0 0 0 0 0 0 0 0 0 0 0 0 0 0 0 0 0 0 0 0 0 0 0 0 0 392.272
0 0 0 0 0 0 0 0 0 0 0 0 0 0 0 0 0 0 0 0 0 0 0 0 0 0 0 0.15496 0.193056 0.219955 0.283069 0.367946 24.4052 23.451 21.5457 30.9052 36.8224 1692.84 42.2349 44.5322 28.628 18.75 60.8536 0.7489 0.415439 0.822614 0.06846 0.141372 0 0 0 0 0 0 0 0 0 0 0 0 0 0 0 0 0 0 0 0 0 0 0 0 0 0 0 1635.94
0 0 0 0 0 0 0 0 0 0 0 0 0 0 0 0 0 0 0 0 0 0 0 0 0 0 0 0 0.007395 0.34653 0.304965 0.634126 0.967752 22.4156 53.3997 47.1889 36.848 42.2349 1785.42 74.9647 70.3025 67.0953 21.2511 30.8001 1.26844 0.924842 0.568443 0.393426 0.381426 0 0 0 0 0 0 0 0 0 0 0 0 0 0 0 0 0 0 0 0 0 0 0 0 0 0 167
0 0 0 0 0 0 0 0 0 0 0 0 0 0 0 0 0 0 0 0 0 0 0 0 0 0 0 0 0 0.36542 0.19208 0.723008 0.492186 1.00478 68.5642 53.3202 59.9134 44.5322 74.9647 2479.16 43.9047 57.45 11.9826 21.9618 47.1908 0.702408 0.78838 0.307452 0.789286 0.372164 0 0 0 0 0 0 0 0 0 0 0 0 0 0 0 0 0 0 0 0 0 0 0 0 0 312.819
0 0 0 0 0 0 0 0 0 0 0 0 0 0 0 0 0 0 0 0 0 0 0 0 0 0 0 0 0 0 0.034776 0.095753 0.300927 0.953485 1.56712 19.7343 52.353 28.628 70.3025 43.9047 2413.72 55.3563 72.1417 51.207 80.2758 36.2637 1.11329 0.431746 1.05694 0.459913 0.42903 0 0 0 0 0 0 0 0 0 0 0 0 0 0 0 0 0 0 0 0 0 0 0 0 377.18
0 0 0 0 0 0 0 0 0 0 0 0 0 0 0 0 0 0 0 0 0 0 0 0 0 0 0 0 0 0 0 -0.003961 0.042663 0.290596 1.24794 0.393349 20.0338 18.75 67.0953 57.45 55.3563 2481.99 74.1267 63.1494 56.6099 64.6983 21.1801 0.926053 1.351 0.348798 0.572511 0.102003 0 0 0 0 0 0 0 0 0 0 0 0 0 0 0 0 0 0 0 0 0 0 0 204.005
0 0 0 0 0 0 0 0 0 0 0 0 0 0 0 0 0 0 0 0 0 0 0 0 0 0 0 0 0 0 0 0 0.130761 0.227046 0.594384 0.108126 1.19009 60.8536 21.2511 11.9826 72.1417 74.1267 1888.77 46.6532 11.9901 80.0176 3.7878 17.1641 1.09827 0.169276 0.807063 0.085158 0.111605 0 0 0 0 0 0 0 0 0 0 0 0 0 0 0 0 0 0 0 0 0 0 1022.34
0 0 0 0 0 0 0 0 0 0 0 0 0 0 0 0 0 0 0 0 0 0 0 0 0 0 0 0 0 0 0 0 0 0.029356 0.330788 0.084704 0.860912 0.7489 30.8001 21.9618 51.207 63.1494 46.6532 2817.73 48.2494 78.2939 52.3245 86.6072 65.8989 0.592529 1.30438 0.423787 0.700791 0.315172 0 0 0 0 0 0 0 0 0 0 0 0 0 0 0 0 0 0 0 0 0 1916.53
0 0 0 0 0 0 0 0 0 0 0 0 0 0 0 0 0 0 0 0 0 0 0 0 0 0 0 0 0 0 0 0 0 0 -0.00902 -0.003168 0.436629 0.415439 1.26844 47.1908 80.2758 56.6099 11.9901 48.2494 2826.69 38.7161 39.1884 14.4725 65.0635 38.4483 0.42007 0.338963 0.473228 0.867226 0.182156 0 0 0 0 0 0 0 0 0 0 0 0 0 0 0 0 0 0 0 0 1476.85
0 0 0 0 0 0 0 0 0 0 0 0 0 0 0 0 0 0 0 0 0 0 0 0 0 0 0 0 0 0 0 0 0 0 0 0 0.12488 0.822614 0.924842 0.702408 36.2637 64.6983 80.0176 78.2939 38.7161 2777.96 45.7827 39.7119 50.3273 19.3244 41.7809 0.578277 0.765341 0.65282 0.121877 0.12852 0 0 0 0 0 0 0 0 0 0 0 0 0 0 0 0 0 0 0 886.289
0 0 0 0 0 0 0 0 0 0 0 0 0 0 0 0 0 0 0 0 0 0 0 0 0 0 0 0 0 0 0 0 0 0 0 0 0.051376 0.06846 0.568443 0.78838 1.11329 21.1801 3.7878 52.3245 39.1884 45.7827 743.306 12.4926 22.8185 7.63123 11.0261 42.2002 0.740932 0.412848 0.554438 0.275238 0.187806 0 0 0 0 0 0 0 0 0 0 0 0 0 0 0 0 0 0 559.746
0 0 0 0 0 0 0 0 0 0 0 0 0 0 0 0 0 0 0 0 0 0 0 0 0 0 0 0 0 0 0 0 0 0 0 0 0 0.141372 0.393426 0.307452 0.431746 0.926053 17.1641 86.6072 14.4725 39.7119 12.4926 2029.73 45.4611 33.2399 59.147 14.8662 37.8577 1.0951 0.554213 0.622075 0.20993 0.155854 0 0 0 0 0 0 0 0 0 0 0 0 0 0 0 0 0 1421.11
0 0 0 0 0 0 0 0 0 0 0 0 0 0 0 0 0 0 0 0 0 0 0 0 0 0 0 0 0 0 0 0 0 0 0 0 0 0 0.381426 0.789286 1.05694 1.351 1.09827 65.8989 65.0635 50.3273 22.8185 45.4611 1494.3 13.2407 19.7237 15.2266 65.2229 48.8048 0.892257 0.937284 0.571827 0.782168 0.151139 0 0 0 0 0 0 0 0 0 0 0 0 0 0 0 0 1137.25
0 0 0 0 0 0 0 0 0 0 0 0 0 0 0 0 0 0 0 0 0 0 0 0 0 0 0 0 0 0 0 0 0 0 0 0 0 0 0 0.372164 0.459913 0.348798 0.169276 0.592529 38.4483 19.3244 7.63123 33.2399 13.2407 1247.05 37.0085 33.8947 18.1647 50.6551 22.6075 1.4476 0.378233 0.661111 0.17008 0.014874 0 0 0 0 0 0 0 0 0 0 0 0 0 0 0 172.39
0 0 0 0 0 0 0 0 0 0 0 0 0 0 0 0 0 0 0 0 0 0 0 0 0 0 0 0 0 0 0 0 0 0 0 0 0 0 0 0 0.42903 0.572511 0.807063 1.30438 0.42007 41.7809 11.0261 59.147 19.7237 37.0085 1375.39 18.4131 55.5691 22.6406 19.0737 62.974 1.00908 1.1452 0.551211 0.240162 -0.001644 0 0 0 0 0 0 0 0 0 0 0 0 0 0 297.531
0 0 0 0 0 0 0 0 0 0 0 0 0 0 0 0 0 0 0 0 0 0 0 0 0 0 0 0 0 0 0 0 0 0 0 0 0 0 0 0 0 0.102003 0.085158 0.423787 0.338963 0.578277 42.2002 14.8662 15.2266 33.8947 18.4131 1502.3 23.7688 42.3074 32.7364 39.3504 16.3126 1.29993 0.783052 0.324006 0.175353 0.10296 0 0 0 0 0 0 0 0 0 0 0 0 0 648.147
0 0 0 0 0 0 0 0 0 0 0 0 0 0 0 0 0 0 0 0 0 0 0 0 0 0 0 0 0 0 0 0 0 0 0 0 0 0 0 0 0 0 0.111605 0.700791 0.473228 0.765341 0.740932 37.8577 65.2229 18.1647 55.5691 23.7688 2431.72 38.4063 59.2453 40.9278 34.8112 48.3619 0.582099 0.601978 0.3076 0.314615 0.319485 0 0 0 0 0 0 0 0 0 0 0 0 844.151
0 0 0 0 0 0 0 0 0 0 0 0 0 0 0 0 0 0 0 0 0 0 0 0 0 0 0 0 0 0 0 0 0 0 0 0 0 0 0 0 0 0 0 0.315172 0.867226 0.65282 0.412848 1.0951 48.8048 50.6551 22.6406 42.3074 38.4063 1991.19 52.7451 68.6855 12.2548 71.962 48.6178 1.26987 0.872298 0.880017 0.687919 0.495236 0 0 0 0 0 0 0 0 0 0 0 1990.93
0 0 0 0 0 0 0 0 0 0 0 0 0 0 0 0 0 0 0 0 0 0 0 0 0 0 0 0 0 0 0 0 0 0 0 0 0 0 0 0 0 0 0 0 0.182156 0.121877 0.554438 0.554213 0.892257 22.6075 19.0737 32.7364 59.2453 52.7451 1407.89 28.7433 7.50024 74.741 19.415 32.9631 1.21811 1.08766 1.33515 0.416573 0.411949 0 0 0 0 0 0 0 0 0 0 652.095
0 0 0 0 0 0 0 0 0 0 0 0 0 0 0 0 0 0 0 0 0 0 0 0 0 0 0 0 0 0 0 0 0 0 0 0 0 0 0 0 0 0 0 0 0 0.12852 0.275238 0.622075 0.937284 1.4476 62.974 39.3504 40.9278 68.6855 28.7433 2459.87 50.9332 29.6832 59.6035 56.4875 14.0336 0.749333 0.751672 0.639624 0.562804 0.207142 0 0 0 0 0 0 0 0 0 1226.31
0 0 0 0 0 0 0 0 0 0 0 0 0 0 0 0 0 0 0 0 0 0 0 0 0 0 0 0 0 0 0 0 0 0 0 0 0 0 0 0 0 0 0 0 0 0 0.187806 0.20993 0.571827 0.378233 1.00908 16.3126 34.8112 12.2548 7.50024 50.9332 1287.01 73.9768 34.8622 59.808 51.568 60.7917 1.96061 1.37327 0.589583 0.635938 0.43928 0 0 0 0 0 0 0 0 1327.59
0 0 0 0 0 0 0 0 0 0 0 0 0 0 0 0 0 0 0 0 0 0 0 0 0 0 0 0 0 0 0 0 0 0 0 0 0 0 0 0 0 0 0 0 0 0 0 0.155854 0.782168 0.661111 1.1452 1.29993 48.3619 71.962 74.741 29.6832 73.9768 3653.43 32.0873 106.114 83.6627 88.3137 60.2817 1.58006 1.00381 1.06281 0.43749 0.045619 0 0 0 0 0 0 0 2562.62
0 0 0 0 0 0 0 0 0 0 0 0 0 0 0 0 0 0 0 0 0 0 0 0 0 0 0 0 0 0 0 0 0 0 0 0 0 0 0 0 0 0 0 0 0 0 0 0 0.151139 0.17008 0.551211 0.783052 0.582099 48.6178 19.415 59.6035 34.8622 32.0873 2445.46 48.5472 47.0293 53.4513 47.8879 42.8647 1.12567 1.14433 0.377161 0.346471 0.013509 0 0 0 0 0 0 2466.26
0 0 0 0 0 0 0 0 0 0 0 0 0 0 0 0 0 0 0 0 0 0 0 0 0 0 0 0 0 0 0 0 0 0 0 0 0 0 0 0 0 0 0 0 0 0 0 0 0 0.014874 0.240162 0.324006 0.601978 1.26987 32.9631 56.4875 59.808 106.114 48.5472 3535.27 64.4551 46.1888 60.1245 30.7787 74.5523 1.24696 0.880012 0.457162 0.442242 0.14751 0 0 0 0 0 3145.6
0 0 0 0 0 0 0 0 0 0 0 0 0 0 0 0 0 0 0 0 0 0 0 0 0 0 0 0 0 0 0 0 0 0 0 0 0 0 0 0 0 0 0 0 0 0 0 0 0 0 -0.001644 0.175353 0.3076 0.872298 1.21811 14.0336 51.568 83.6627 47.0293 64.4551 2648.2 77.3972 39.8485 69.3479 11.4237 63.4214 1.24614 0.719415 0.501991 0.093956 0.33166 0 0 0 0 2714.88
0 0 0 0 0 0 0 0 0 0 0 0 0 0 0 0 0 0 0 0 0 0 0 0 0 0 0 0 0 0 0 0 0 0 0 0 0 0 0 0 0 0 0 0 0 0 0 0 0 0 0 0.10296 0.314615 0.880017 1.08766 0.749333 60.7917 88.3137 53.4513 46.1888 77.3972 2880.62 26.586 49.5695 11.8473 53.1179 45.4712 0.819886 0.859189 0.164891 0.502789 0.21889 0 0 0 2459.65
0 0 0 0 0 0 0 0 0 0 0 0 0 0 0 0 0 0 0 0 0 0 0 0 0 0 0 0 0 0 0 0 0 0 0 0 0 0 0 0 0 0 0 0 0 0 0 0 0 0 0 0 0.319485 0.687919 1.33515 0.751672 1.96061 60.2817 47.8879 60.1245 39.8485 26.586 1579.43 43.6252 84.5602 68.5843 7.55616 50.7825 1.97402 1.08377 0.775377 0.15816 0.58692 0 0 1387.14
0 0 0 0 0 0 0 0 0 0 0 0 0 0 0 0 0 0 0 0 0 0 0 0 0 0 0 0 0 0 0 0 0 0 0 0 0 0 0 0 0 0 0 0 0 0 0 0 0 0 0 0 0 0.495236 0.416573 0.639624 1.37327 1.58006 42.8647 30.7787 69.3479 49.5695 43.6252 2198.82 75.3145 37.5611 58.0683 86.8683 32.4192 1.01461 0.805147 0.792393 0.955404 0.1131 0 1266.98
0 0 0 0 0 0 0 0 0 0 0 0 0 0 0 0 0 0 0 0 0 0 0 0 0 0 0 0 0 0 0 0 0 0 0 0 0 0 0 0 0 0 0 0 0 0 0 0 0 0 0 0 0 0 0.411949 0.562804 0.589583 1.00381 1.12567 74.5523 11.4237 11.8473 84.5602 75.3145 2934.34 57.078 49.3883 39.5628 98.9335 20.0632 0.771948 0.878108 1.06784 0.29596 0.012604 1995.55
0 0 0 0 0 0 0 0 0 0 0 0 0 0 0 0 0 0 0 0 0 0 0 0 0 0 0 0 0 0 0 0 0 0 0 0 0 0 0 0 0 0 0 0 0 0 0 0 0 0 0 0 0 0 0 0.207142 0.635938 1.06281 1.14433 1.24696 63.4214 53.1179 68.5843 37.5611 57.078 2634.5 47.012 17.9659 82.1598 25.9213 46.2911 0.948194 0.748506 0.665352 0.158352 2347.32
0 0 0 0 0 0 0 0 0 0 0 0 0 0 0 0 0 0 0 0 0 0 0 0 0 0 0 0 0 0 0 0 0 0 0 0 0 0 0 0 0 0 0 0 0 0 0 0 0 0 0 0 0 0 0 0 0.43928 0.43749 0.377161 0.880012 1.24614 45.4712 7.55616 58.0683 49.3883 47.012 1079.37 39.2419 54.0279 8.04648 9.14476 52.3657 0.766031 0.852347 0.75619 439.746
0 0 0 0 0 0 0 0 0 0 0 0 0 0 0 0 0 0 0 0 0 0 0 0 0 0 0 0 0 0 0 0 0 0 0 0 0 0 0 0 0 0 0 0 0 0 0 0 0 0 0 0 0 0 0 0 0 0.045619 0.346471 0.457162 0.719415 0.819886 50.7825 86.8683 39.5628 17.9659 39.2419 2485.35 71.3765 48.1658 21.2722 44.5506 45.2074 1.19258 1.08518 1175.55
0 0 0 0 0 0 0 0 0 0 0 0 0 0 0 0 0 0 0 0 0 0 0 0 0 0 0 0 0 0 0 0 0 0 0 0 0 0 0 0 0 0 0 0 0 0 0 0 0 0 0 0 0 0 0 0 0 0 0.013509 0.442242 0.501991 0.859189 1.97402 32.4192 98.9335 82.1598 54.0279 71.3765 3418.89 21.6558 49.555 73.9429 43.6633 59.0468 1.48496 1177.07
0 0 0 0 0 0 0 0 0 0 0 0 0 0 0 0 0 0 0 0 0 0 0 0 0 0 0 0 0 0 0 0 0 0 0 0 0 0 0 0 0 0 0 0 0 0 0 0 0 0 0 0 0 0 0 0 0 0 0 0.14751 0.093956 0.164891 1.08377 1.01461 20.0632 25.9213 8.04648 48.1658 21.6558 1447.3 14.7568 32.0575 8.14503 52.2381 27.9476 1273.14
0 0 0 0 0 0 0 0 0 0 0 0 0 0 0 0 0 0 0 0 0 0 0 0 0 0 0 0 0 0 0 0 0 0 0 0 0 0 0 0 0 0 0 0 0 0 0 0 0 0 0 0 0 0 0 0 0 0 0 0 0.33166 0.502789 0.775377 0.805147 0.771948 46.2911 9.14476 21.2722 49.555 14.7568 1423.74 41.2658 30.2105 64.9696 15.2293 152.692
0 0 0 0 0 0 0 0 0 0 0 0 0 0 0 0 0 0 0 0 0 0 0 0 0 0 0 0 0 0 0 0 0 0 0 0 0 0 0 0 0 0 0 0 0 0 0 0 0 0 0 0 0 0 0 0 0 0 0 0 0 0.21889 0.15816 0.792393 0.878108 0.948194 52.3657 44.5506 73.9429 32.0575 41.2658 1584.68 5.33486 58.6186 32.7803 1291.09
0 0 0 0 0 0 0 0 0 0 0 0 0 0 0 0 0 0 0 0 0 0 0 0 0 0 0 0 0 0 0 0 0 0 0 0 0 0 0 0 0 0 0 0 0 0 0 0 0 0 0 0 0 0 0 0 0 0 0 0 0 0 0.58692 0.955404 1.06784 0.748506 0.766031 45.2074 43.6633 8.14503 30.2105 5.33486 213.223 41.6721 24.653 259.012
0 0 0 0 0 0 0 0 0 0 0 0 0 0 0 0 0 0 0 0 0 0 0 0 0 0 0 0 0 0 0 0 0 0 0 0 0 0 0 0 0 0 0 0 0 0 0 0 0 0 0 0 0 0 0 0 0 0 0 0 0 0 0 0.1131 0.29596 0.665352 0.852347 1.19258 59.0468 52.2381 64.9696 58.6186 41.6721 1947.98 43.2349 1155.2
0 0 0 0 0 0 0 0 0 0 0 0 0 0 0 0 0 0 0 0 0 0 0 0 0 0 0 0 0 0 0 0 0 0 0 0 0 0 0 0 0 0 0 0 0 0 0 0 0 0 0 0 0 0 0 0 0 0 0 0 0 0 0 0 0.012604 0.158352 0.75619 1.08518 1.48496 27.9476 15.2293 32.7803 24.653 43.2349 430.204 467.859

