0.949 
0.469 
0.197 
0.819 
0.671 
0.158 
0.368 
0.873 
0.536 
0.41 
0.397 
0.383 
0.216 
0.813 
-0.039 
0.645 
0.534 
0.54 
0.941 
0.81 
0.136 
0.133 
-0.034 
0.226 
0.709 
0.682 
0.159 
0.021 
0.524 
0.478 
0.668 
0.495 
0.801 
0.906 
0.885 
0.903 
0.199 
0.89 
-0.017 
0.042 
0.085 
0.018 
0.472 
0.609 
0.476 
0.247 
0.614 
0.632 
0.629 
0.032 
0.112 
0.342 
0.261 
0.898 
0.332 
0.387 
0.828 
0.573 
0.889 
0.783 
0.889 
0.731 
0.671 
0.43 
0.584 
0.795 
0.216 
0.374 
0.252 
0.783 
-0.015 
0.729 
0.827 
0.505 
0.881 
